
========================================
Preprocessing the Geom Data
=========================================
wall Name:NoneisSingle:False
attached door name. :None
attached door name. :None
wall Name:NoneisSingle:False
attached door name. :None
attached door name. :None
wall Name:NoneisSingle:True
wall Name:NoneisSingle:False
attached door name. :None
door name:NoneisSingle:False
attached wall name. :None
door name:NoneisSingle:False
attached wall name. :None
exit name:NoneisSingle:False
attached wall name. :None
exit name:NoneisSingle:False
attached wall name. :None
exit name:NoneisSingle:False
attached wall name. :None



========================================
Preprocessing the Agent Data
=========================================
C Matrix
[[ 0.  0.  0.  0.  0.  0.  0.  0.]
 [ 0.  0.  0.  0.  0.  0.  0.  0.]
 [ 0.  0.  0.  0.  0.  0.  0.  0.]
 [ 0.  0.  0.  0.  0.  0.  0.  0.]
 [ 0.  0.  0.  0.  0.  0.  0.  0.]
 [ 0.  0.  0.  0.  0.  0.  0.  0.]
 [ 0.  0.  0.  0.  0.  0.  0.  0.]
 [ 0.  0.  0.  0.  0.  0.  0.  0.]]
A Matrix
[[   6.   122.3    0.     0.     0.     0.     0.     0. ]
 [ 260.     0.    30.    20.     0.     0.     0.     0. ]
 [   0.    17.     2.    96.     0.     0.     0.     0. ]
 [   0.     0.     0.     0.     0.    10.     0.6    1.2]
 [   0.     0.     0.     0.     0.    20.     0.    20. ]
 [   0.     0.     0.     0.     0.    66.    70.     0. ]
 [   0.     0.     0.     0.     0.   300.     6.     0. ]
 [   0.     0.     0.     0.     0.     1.     0.     0. ]]
B Matrix
[[  1.  20.   0.   0.   0.   0.   0.   0.]
 [ 36.   0.   1.   1.   0.   0.   0.   0.]
 [  0.   2.   3.  30.   0.   0.   0.   0.]
 [  0.   0.   0.   0.   0.   1.   1.   1.]
 [  0.   0.   0.   0.   0.   1.   0.   3.]
 [  0.   0.   0.   0.   0.   1.   1.   0.]
 [  0.   0.   0.   0.   0.   1.   1.   0.]
 [  0.   0.   0.   0.   0.   1.   0.   0.]]
D Matrix
[[ 0.  6.  0.  0.  0.  0.  0.  0.]
 [ 2.  0.  5.  1.  0.  0.  0.  0.]
 [ 0.  7.  3.  3.  0.  0.  0.  0.]
 [ 0.  0.  0.  0.  0.  1.  1.  1.]
 [ 0.  0.  0.  0.  0.  1.  0.  1.]
 [ 0.  0.  0.  0.  0.  1.  1.  0.]
 [ 0.  0.  0.  0.  0.  1.  1.  0.]
 [ 0.  0.  0.  0.  0.  1.  0.  0.]]

 Input data: exits or agent2exit: 
[[ 0.3   0.7   0.6 ]
 [ 0.7   0.3   0.6 ]
 [ 0.5   0.5   0.6 ]
 [ 0.75  0.25  0.6 ]
 [ 0.6   0.4   0.6 ]
 [ 0.9   0.1   0.6 ]
 [ 0.5   0.5   0.6 ]
 [ 0.3   0.7   0.6 ]]

========================================
Assign destinations of agents
=========================================
ai:0--- exit:2
ai:1--- exit:0
ai:2--- exit:1
ai:3--- exit:0
ai:4--- exit:1
ai:5--- exit:0
ai:6--- exit:1



========================================
Compute Door Direction by Flow Field
=========================================
exit2door:
[[ 2. -2.]
 [ 2.  2.]
 [ 2. -2.]]
Display a summary of input data as below.
number of agents in input file: 8
number of walls in input file: 4
number of doors in input file: 2
number of exits in input file: 3

Display a summary of data in computation as below.
number of agents in computation: 7
number of walls in computation: 4
number of doors in computation: 2
number of exits in computation: 3

time-related paramters: 
DT: 0.2
DT_DumpData: 0.2
t_end: 100.0
DT_OtherList1.0
DT_ChangeDoor1.0

simulation paramters:
Solver: 2
TPRE Mode: 3
Group: True
Self Repulsion: True
Start and show simulation here.

&SimuTime


&AttentionList
SimulationTime=0.0
person.see_flag:
[[ 1.  0.  0.  0.  0.  0.  0.  0.]
 [ 0.  1.  0.  0.  0.  0.  0.  0.]
 [ 0.  0.  1.  0.  0.  0.  0.  0.]
 [ 0.  0.  0.  1.  0.  0.  0.  0.]
 [ 0.  0.  0.  0.  1.  0.  0.  0.]
 [ 0.  0.  0.  0.  0.  1.  0.  0.]
 [ 0.  0.  0.  0.  0.  0.  1.  0.]
 [ 0.  0.  0.  0.  0.  0.  0.  0.]]
person.comm:
[[ 1.  0.  0.  0.  0.  0.  0.  0.]
 [ 0.  1.  0.  0.  0.  0.  0.  0.]
 [ 0.  0.  1.  0.  0.  0.  0.  0.]
 [ 0.  0.  0.  1.  0.  0.  0.  0.]
 [ 0.  0.  0.  0.  1.  0.  0.  0.]
 [ 0.  0.  0.  0.  0.  1.  0.  0.]
 [ 0.  0.  0.  0.  0.  0.  1.  0.]
 [ 0.  0.  0.  0.  0.  0.  0.  0.]]
person.talk:
[[ 1.  0.  0.  0.  0.  0.  0.  0.]
 [ 0.  1.  0.  0.  0.  0.  0.  0.]
 [ 0.  0.  1.  0.  0.  0.  0.  0.]
 [ 0.  0.  0.  1.  0.  0.  0.  0.]
 [ 0.  0.  0.  0.  1.  0.  0.  0.]
 [ 0.  0.  0.  0.  0.  1.  0.  0.]
 [ 0.  0.  0.  0.  0.  0.  1.  0.]
 [ 0.  0.  0.  0.  0.  0.  0.  0.]]
CArray:
[[ 0.  0.  0.  0.  0.  0.  0.  0.]
 [ 0.  0.  0.  0.  0.  0.  0.  0.]
 [ 0.  0.  0.  0.  0.  0.  0.  0.]
 [ 0.  0.  0.  0.  0.  0.  0.  0.]
 [ 0.  0.  0.  0.  0.  0.  0.  0.]
 [ 0.  0.  0.  0.  0.  0.  0.  0.]
 [ 0.  0.  0.  0.  0.  0.  0.  0.]
 [ 0.  0.  0.  0.  0.  0.  0.  0.]]
person.PFactor:
[[ 1.          0.          0.          0.          0.          0.          0.
   0.        ]
 [ 0.          0.86707452  0.          0.          0.          0.          0.
   0.        ]
 [ 0.          0.          1.          0.          0.          0.          0.
   0.        ]
 [ 0.          0.          0.          0.96357067  0.          0.          0.
   0.        ]
 [ 0.          0.          0.          0.          0.59198238  0.          0.
   0.        ]
 [ 0.          0.          0.          0.          0.          0.98561601
   0.          0.        ]
 [ 0.          0.          0.          0.          0.          0.
   0.99374643  0.        ]
 [ 0.          0.          0.          0.          0.          0.          0.
   0.        ]]
EndAttentionList!



&DoorProb
SimulationTime=0.0
person.exit_prob:
[[ 0.1875   0.4375   0.375  ]
 [ 0.4375   0.1875   0.375  ]
 [ 0.3125   0.3125   0.375  ]
 [ 0.46875  0.15625  0.375  ]
 [ 0.375    0.25     0.375  ]
 [ 0.5625   0.0625   0.375  ]
 [ 0.3125   0.3125   0.375  ]
 [ 0.       0.       0.     ]]
person.exit_known:
[[ 1.  1.  1.]
 [ 1.  1.  1.]
 [ 1.  1.  1.]
 [ 1.  1.  1.]
 [ 1.  1.  1.]
 [ 1.  1.  1.]
 [ 1.  1.  1.]
 [ 0.  0.  0.]]
prob=[ 0.1875  0.4375  0.375 ]
prob=[ 0.4375  0.1875  0.375 ]
prob=[ 0.3125  0.3125  0.375 ]
prob=[ 0.46875  0.15625  0.375  ]
prob=[ 0.375  0.25   0.375]
prob=[ 0.5625  0.0625  0.375 ]
prob=[ 0.3125  0.3125  0.375 ]
prob=[ 0.  0.  0.]

WellDone!



&SimulationTime:0.0

&EndofStep:0.0


&SimulationTime:0.2

&EndofStep:0.2


&SimulationTime:0.4

&EndofStep:0.4


&SimulationTime:0.6000000000000001

&EndofStep:0.6000000000000001


&SimulationTime:0.8

&EndofStep:0.8


&SimuTime


&AttentionList
SimulationTime=1.0
person.see_flag:
[[ 1.  0.  0.  0.  0.  1.  1.  0.]
 [ 0.  1.  0.  0.  0.  0.  0.  0.]
 [ 1.  1.  1.  1.  1.  1.  1.  0.]
 [ 0.  1.  1.  1.  0.  0.  0.  0.]
 [ 0.  0.  0.  0.  1.  0.  0.  0.]
 [ 0.  0.  0.  0.  0.  1.  0.  0.]
 [ 0.  0.  0.  0.  0.  0.  1.  0.]
 [ 0.  0.  0.  0.  0.  0.  0.  0.]]
person.comm:
[[ 1.  0.  0.  0.  0.  0.  0.  0.]
 [ 0.  1.  0.  0.  0.  0.  0.  0.]
 [ 0.  1.  1.  1.  0.  0.  0.  0.]
 [ 0.  0.  0.  1.  0.  0.  0.  0.]
 [ 0.  0.  0.  0.  1.  0.  0.  0.]
 [ 0.  0.  0.  0.  0.  1.  0.  0.]
 [ 0.  0.  0.  0.  0.  0.  1.  0.]
 [ 0.  0.  0.  0.  0.  0.  0.  0.]]
person.talk:
[[ 1.  0.  0.  0.  0.  0.  0.  0.]
 [ 0.  1.  0.  0.  0.  0.  0.  0.]
 [ 0.  0.  1.  0.  0.  0.  0.  0.]
 [ 0.  0.  0.  1.  0.  0.  0.  0.]
 [ 0.  0.  0.  0.  1.  0.  0.  0.]
 [ 0.  0.  0.  0.  0.  1.  0.  0.]
 [ 0.  0.  0.  0.  0.  0.  1.  0.]
 [ 0.  0.  0.  0.  0.  0.  0.  0.]]
CArray:
[[ 0.  0.  0.  0.  0.  0.  0.  0.]
 [ 0.  0.  0.  0.  0.  0.  0.  0.]
 [ 0.  0.  0.  0.  0.  0.  0.  0.]
 [ 0.  0.  0.  0.  0.  0.  0.  0.]
 [ 0.  0.  0.  0.  0.  0.  0.  0.]
 [ 0.  0.  0.  0.  0.  0.  0.  0.]
 [ 0.  0.  0.  0.  0.  0.  0.  0.]
 [ 0.  0.  0.  0.  0.  0.  0.  0.]]
person.PFactor:
[[ 1.          0.          0.          0.          0.          0.          0.
   0.        ]
 [ 0.          0.88407127  0.          0.          0.          0.          0.
   0.        ]
 [ 0.          0.          1.          0.          0.          0.          0.
   0.        ]
 [ 0.          0.          0.          0.62970419  0.          0.          0.
   0.        ]
 [ 0.          0.          0.          0.          0.4423017   0.          0.
   0.        ]
 [ 0.          0.          0.          0.          0.          0.88347512
   0.          0.        ]
 [ 0.          0.          0.          0.          0.          0.
   0.53411226  0.        ]
 [ 0.          0.          0.          0.          0.          0.          0.
   0.        ]]
EndAttentionList!



&DoorProb
SimulationTime=1.0
person.exit_prob:
[[ 0.1875   0.4375   0.375  ]
 [ 0.4375   0.1875   0.375  ]
 [ 0.3125   0.3125   0.375  ]
 [ 0.46875  0.15625  0.375  ]
 [ 0.375    0.25     0.375  ]
 [ 0.5625   0.0625   0.375  ]
 [ 0.3125   0.3125   0.375  ]
 [ 0.       0.       0.     ]]
person.exit_known:
[[ 1.  1.  1.]
 [ 1.  1.  1.]
 [ 1.  1.  1.]
 [ 1.  1.  1.]
 [ 1.  1.  1.]
 [ 1.  1.  1.]
 [ 1.  1.  1.]
 [ 0.  0.  0.]]
prob=[ 0.1875  0.4375  0.375 ]
prob=[ 0.4375  0.1875  0.375 ]
prob=[ 0.3125  0.3125  0.375 ]
prob=[ 0.46875  0.15625  0.375  ]
prob=[ 0.375  0.25   0.375]
prob=[ 0.5625  0.0625  0.375 ]
prob=[ 0.3125  0.3125  0.375 ]
prob=[ 0.  0.  0.]

WellDone!

ai:2--- exit:2


&SimulationTime:1.0

&EndofStep:1.0


&SimulationTime:1.2

&EndofStep:1.2


&SimulationTime:1.4

&EndofStep:1.4


&SimulationTime:1.5999999999999999

&EndofStep:1.5999999999999999


&SimulationTime:1.7999999999999998

&EndofStep:1.7999999999999998


&SimulationTime:1.9999999999999998

&EndofStep:1.9999999999999998


&SimuTime


&AttentionList
SimulationTime=2.1999999999999997
person.see_flag:
[[ 1.  0.  0.  0.  0.  1.  0.  0.]
 [ 0.  1.  0.  0.  0.  0.  0.  0.]
 [ 0.  0.  1.  0.  0.  0.  0.  0.]
 [ 1.  0.  0.  1.  0.  0.  0.  0.]
 [ 0.  0.  0.  0.  1.  0.  0.  0.]
 [ 0.  0.  0.  0.  0.  1.  0.  0.]
 [ 0.  0.  0.  0.  0.  0.  1.  0.]
 [ 0.  0.  0.  0.  0.  0.  0.  0.]]
person.comm:
[[ 1.  0.  0.  0.  0.  0.  0.  0.]
 [ 0.  1.  0.  0.  0.  0.  0.  0.]
 [ 0.  0.  1.  0.  0.  0.  0.  0.]
 [ 0.  0.  0.  1.  0.  0.  0.  0.]
 [ 0.  0.  0.  0.  1.  0.  0.  0.]
 [ 0.  0.  0.  0.  0.  1.  0.  0.]
 [ 0.  0.  0.  0.  0.  0.  1.  0.]
 [ 0.  0.  0.  0.  0.  0.  0.  0.]]
person.talk:
[[ 1.  0.  0.  0.  0.  0.  0.  0.]
 [ 0.  1.  0.  0.  0.  0.  0.  0.]
 [ 0.  0.  1.  0.  0.  0.  0.  0.]
 [ 0.  0.  0.  1.  0.  0.  0.  0.]
 [ 0.  0.  0.  0.  1.  0.  0.  0.]
 [ 0.  0.  0.  0.  0.  1.  0.  0.]
 [ 0.  0.  0.  0.  0.  0.  1.  0.]
 [ 0.  0.  0.  0.  0.  0.  0.  0.]]
CArray:
[[ 0.  0.  0.  0.  0.  0.  0.  0.]
 [ 0.  0.  0.  0.  0.  0.  0.  0.]
 [ 0.  0.  0.  0.  0.  0.  0.  0.]
 [ 0.  0.  0.  0.  0.  0.  0.  0.]
 [ 0.  0.  0.  0.  0.  0.  0.  0.]
 [ 0.  0.  0.  0.  0.  0.  0.  0.]
 [ 0.  0.  0.  0.  0.  0.  0.  0.]
 [ 0.  0.  0.  0.  0.  0.  0.  0.]]
person.PFactor:
[[ 1.          0.          0.          0.          0.          0.          0.
   0.        ]
 [ 0.          0.47728338  0.          0.          0.          0.          0.
   0.        ]
 [ 0.          0.          1.          0.          0.          0.          0.
   0.        ]
 [ 0.          0.          0.          0.63876099  0.          0.          0.
   0.        ]
 [ 0.          0.          0.          0.          0.58913511  0.          0.
   0.        ]
 [ 0.          0.          0.          0.          0.          0.61004464
   0.          0.        ]
 [ 0.          0.          0.          0.          0.          0.
   0.68959956  0.        ]
 [ 0.          0.          0.          0.          0.          0.          0.
   0.        ]]
EndAttentionList!



&DoorProb
SimulationTime=2.1999999999999997
person.exit_prob:
[[ 0.1875      0.4375      0.375     ]
 [ 0.4375      0.1875      0.375     ]
 [ 0.34025146  0.18983249  0.46991605]
 [ 0.46875     0.15625     0.375     ]
 [ 0.375       0.25        0.375     ]
 [ 0.5625      0.0625      0.375     ]
 [ 0.3125      0.3125      0.375     ]
 [ 0.          0.          0.        ]]
person.exit_known:
[[ 1.  1.  1.]
 [ 1.  1.  1.]
 [ 1.  1.  1.]
 [ 1.  1.  1.]
 [ 1.  1.  1.]
 [ 1.  1.  1.]
 [ 1.  1.  1.]
 [ 0.  0.  0.]]
prob=[ 0.1875  0.4375  0.375 ]
prob=[ 0.4375  0.1875  0.375 ]
prob=[ 0.34025146  0.18983249  0.46991605]
prob=[ 0.46875  0.15625  0.375  ]
prob=[ 0.375  0.25   0.375]
prob=[ 0.5625  0.0625  0.375 ]
prob=[ 0.3125  0.3125  0.375 ]
prob=[ 0.  0.  0.]

WellDone!



&SimulationTime:2.1999999999999997

&EndofStep:2.1999999999999997


&SimulationTime:2.4

&EndofStep:2.4


&SimulationTime:2.6

&EndofStep:2.6


&SimulationTime:2.8000000000000003

&EndofStep:2.8000000000000003


&SimuTime


&AttentionList
SimulationTime=3.0000000000000004
person.see_flag:
[[ 1.  0.  0.  0.  0.  1.  0.  0.]
 [ 1.  1.  0.  0.  0.  1.  1.  0.]
 [ 1.  1.  1.  1.  1.  1.  1.  0.]
 [ 0.  1.  0.  1.  1.  1.  1.  0.]
 [ 0.  0.  0.  0.  1.  1.  1.  0.]
 [ 0.  0.  0.  0.  0.  1.  0.  0.]
 [ 0.  0.  0.  0.  0.  0.  1.  0.]
 [ 0.  0.  0.  0.  0.  0.  0.  0.]]
person.comm:
[[ 1.  0.  0.  0.  0.  0.  0.  0.]
 [ 1.  1.  0.  0.  0.  0.  0.  0.]
 [ 0.  1.  1.  1.  0.  0.  0.  0.]
 [ 0.  0.  0.  1.  0.  0.  0.  0.]
 [ 0.  0.  0.  0.  1.  0.  0.  0.]
 [ 0.  0.  0.  0.  0.  1.  0.  0.]
 [ 0.  0.  0.  0.  0.  0.  1.  0.]
 [ 0.  0.  0.  0.  0.  0.  0.  0.]]
person.talk:
[[ 1.  0.  0.  0.  0.  0.  0.  0.]
 [ 0.  1.  0.  0.  0.  0.  0.  0.]
 [ 0.  0.  1.  0.  0.  0.  0.  0.]
 [ 0.  0.  0.  1.  0.  0.  0.  0.]
 [ 0.  0.  0.  0.  1.  0.  0.  0.]
 [ 0.  0.  0.  0.  0.  1.  0.  0.]
 [ 0.  0.  0.  0.  0.  0.  1.  0.]
 [ 0.  0.  0.  0.  0.  0.  0.  0.]]
CArray:
[[ 0.  0.  0.  0.  0.  0.  0.  0.]
 [ 0.  0.  0.  0.  0.  0.  0.  0.]
 [ 0.  0.  0.  0.  0.  0.  0.  0.]
 [ 0.  0.  0.  0.  0.  0.  0.  0.]
 [ 0.  0.  0.  0.  0.  0.  0.  0.]
 [ 0.  0.  0.  0.  0.  0.  0.  0.]
 [ 0.  0.  0.  0.  0.  0.  0.  0.]
 [ 0.  0.  0.  0.  0.  0.  0.  0.]]
person.PFactor:
[[ 1.          0.          0.          0.          0.          0.          0.
   0.        ]
 [ 0.          0.5151691   0.          0.          0.          0.          0.
   0.        ]
 [ 0.          0.          1.          0.          0.          0.          0.
   0.        ]
 [ 0.          0.          0.          0.64695296  0.          0.          0.
   0.        ]
 [ 0.          0.          0.          0.          0.60864872  0.          0.
   0.        ]
 [ 0.          0.          0.          0.          0.          0.53137626
   0.          0.        ]
 [ 0.          0.          0.          0.          0.          0.
   0.56389163  0.        ]
 [ 0.          0.          0.          0.          0.          0.          0.
   0.        ]]
EndAttentionList!



&DoorProb
SimulationTime=3.0000000000000004
person.exit_prob:
[[ 0.1875      0.4375      0.375     ]
 [ 0.4375      0.1875      0.375     ]
 [ 0.34025146  0.18983249  0.46991605]
 [ 0.46875     0.15625     0.375     ]
 [ 0.375       0.25        0.375     ]
 [ 0.5625      0.0625      0.375     ]
 [ 0.3125      0.3125      0.375     ]
 [ 0.          0.          0.        ]]
person.exit_known:
[[ 1.  1.  1.]
 [ 1.  1.  1.]
 [ 1.  1.  1.]
 [ 1.  1.  1.]
 [ 1.  1.  1.]
 [ 1.  1.  1.]
 [ 1.  1.  1.]
 [ 0.  0.  0.]]
prob=[ 0.1875  0.4375  0.375 ]
prob=[ 0.4375  0.1875  0.375 ]
prob=[ 0.34025146  0.18983249  0.46991605]
prob=[ 0.46875  0.15625  0.375  ]
prob=[ 0.375  0.25   0.375]
prob=[ 0.5625  0.0625  0.375 ]
prob=[ 0.3125  0.3125  0.375 ]
prob=[ 0.  0.  0.]

WellDone!

ai:1--- exit:2
ai:2--- exit:2


&SimulationTime:3.0000000000000004

&EndofStep:3.0000000000000004


&SimulationTime:3.2000000000000006

&EndofStep:3.2000000000000006


&SimulationTime:3.400000000000001

&EndofStep:3.400000000000001


&SimulationTime:3.600000000000001

&EndofStep:3.600000000000001


&SimulationTime:3.800000000000001

&EndofStep:3.800000000000001


&SimuTime


&AttentionList
SimulationTime=4.000000000000001
person.see_flag:
[[ 1.  1.  1.  0.  1.  0.  1.  0.]
 [ 0.  1.  1.  0.  0.  0.  0.  0.]
 [ 1.  1.  1.  1.  1.  1.  1.  0.]
 [ 1.  0.  0.  1.  0.  1.  0.  0.]
 [ 0.  0.  0.  0.  1.  1.  1.  0.]
 [ 0.  0.  0.  0.  0.  1.  0.  0.]
 [ 0.  0.  0.  0.  0.  1.  1.  0.]
 [ 0.  0.  0.  0.  0.  0.  0.  0.]]
person.comm:
[[ 1.  1.  0.  0.  0.  0.  0.  0.]
 [ 0.  1.  1.  0.  0.  0.  0.  0.]
 [ 0.  1.  1.  1.  0.  0.  0.  0.]
 [ 0.  0.  0.  1.  0.  0.  0.  0.]
 [ 0.  0.  0.  0.  1.  0.  0.  0.]
 [ 0.  0.  0.  0.  0.  1.  0.  0.]
 [ 0.  0.  0.  0.  0.  0.  1.  0.]
 [ 0.  0.  0.  0.  0.  0.  0.  0.]]
person.talk:
[[ 1.  0.  0.  0.  0.  0.  0.  0.]
 [ 0.  1.  0.  0.  0.  0.  0.  0.]
 [ 0.  0.  1.  0.  0.  0.  0.  0.]
 [ 0.  0.  0.  1.  0.  0.  0.  0.]
 [ 0.  0.  0.  0.  1.  0.  0.  0.]
 [ 0.  0.  0.  0.  0.  1.  0.  0.]
 [ 0.  0.  0.  0.  0.  0.  1.  0.]
 [ 0.  0.  0.  0.  0.  0.  0.  0.]]
CArray:
[[ 0.  0.  0.  0.  0.  0.  0.  0.]
 [ 0.  0.  0.  0.  0.  0.  0.  0.]
 [ 0.  0.  0.  0.  0.  0.  0.  0.]
 [ 0.  0.  0.  0.  0.  0.  0.  0.]
 [ 0.  0.  0.  0.  0.  0.  0.  0.]
 [ 0.  0.  0.  0.  0.  0.  0.  0.]
 [ 0.  0.  0.  0.  0.  0.  0.  0.]
 [ 0.  0.  0.  0.  0.  0.  0.  0.]]
person.PFactor:
[[ 1.          0.          0.          0.          0.          0.          0.
   0.        ]
 [ 0.          0.77932778  0.          0.          0.          0.          0.
   0.        ]
 [ 0.          0.          1.          0.          0.          0.          0.
   0.        ]
 [ 0.          0.          0.          0.55918111  0.          0.          0.
   0.        ]
 [ 0.          0.          0.          0.          0.96763071  0.          0.
   0.        ]
 [ 0.          0.          0.          0.          0.          0.85350125
   0.          0.        ]
 [ 0.          0.          0.          0.          0.          0.
   0.60548907  0.        ]
 [ 0.          0.          0.          0.          0.          0.          0.
   0.        ]]
EndAttentionList!



&DoorProb
SimulationTime=4.000000000000001
person.exit_prob:
[[ 0.1875      0.4375      0.375     ]
 [ 0.24757933  0.0901631   0.66225757]
 [ 0.44160558  0.14088417  0.41751025]
 [ 0.46875     0.15625     0.375     ]
 [ 0.375       0.25        0.375     ]
 [ 0.5625      0.0625      0.375     ]
 [ 0.3125      0.3125      0.375     ]
 [ 0.          0.          0.        ]]
person.exit_known:
[[ 1.  1.  1.]
 [ 1.  1.  1.]
 [ 1.  1.  1.]
 [ 1.  1.  1.]
 [ 1.  1.  1.]
 [ 1.  1.  1.]
 [ 1.  1.  1.]
 [ 0.  0.  0.]]
prob=[ 0.1875  0.4375  0.375 ]
prob=[ 0.24757933  0.0901631   0.66225757]
prob=[ 0.44160558  0.14088417  0.41751025]
prob=[ 0.46875  0.15625  0.375  ]
prob=[ 0.375  0.25   0.375]
prob=[ 0.5625  0.0625  0.375 ]
prob=[ 0.3125  0.3125  0.375 ]
prob=[ 0.  0.  0.]

WellDone!

ai:0--- exit:0
ai:1--- exit:0
ai:2--- exit:0


&SimulationTime:4.000000000000001

&EndofStep:4.000000000000001


&SimulationTime:4.200000000000001

&EndofStep:4.200000000000001


&SimulationTime:4.400000000000001

&EndofStep:4.400000000000001


&SimulationTime:4.600000000000001

&EndofStep:4.600000000000001


&SimulationTime:4.800000000000002

&EndofStep:4.800000000000002


&SimuTime


&AttentionList
SimulationTime=5.000000000000002
person.see_flag:
[[ 1.  0.  0.  0.  0.  0.  0.  0.]
 [ 1.  1.  0.  0.  0.  1.  1.  0.]
 [ 0.  0.  1.  0.  0.  0.  0.  0.]
 [ 0.  1.  1.  1.  1.  0.  1.  0.]
 [ 0.  0.  0.  0.  1.  0.  0.  0.]
 [ 0.  0.  0.  0.  0.  1.  0.  0.]
 [ 0.  0.  0.  0.  0.  1.  1.  0.]
 [ 0.  0.  0.  0.  0.  0.  0.  0.]]
person.comm:
[[ 1.  0.  0.  0.  0.  0.  0.  0.]
 [ 1.  1.  0.  0.  0.  0.  0.  0.]
 [ 0.  0.  1.  0.  0.  0.  0.  0.]
 [ 0.  0.  0.  1.  0.  0.  0.  0.]
 [ 0.  0.  0.  0.  1.  0.  0.  0.]
 [ 0.  0.  0.  0.  0.  1.  0.  0.]
 [ 0.  0.  0.  0.  0.  1.  1.  0.]
 [ 0.  0.  0.  0.  0.  0.  0.  0.]]
person.talk:
[[ 1.  0.  0.  0.  0.  0.  0.  0.]
 [ 0.  1.  0.  0.  0.  0.  0.  0.]
 [ 0.  0.  1.  0.  0.  0.  0.  0.]
 [ 0.  0.  0.  1.  0.  0.  0.  0.]
 [ 0.  0.  0.  0.  1.  0.  0.  0.]
 [ 0.  0.  0.  0.  0.  1.  0.  0.]
 [ 0.  0.  0.  0.  0.  0.  1.  0.]
 [ 0.  0.  0.  0.  0.  0.  0.  0.]]
CArray:
[[ 0.  0.  0.  0.  0.  0.  0.  0.]
 [ 0.  0.  0.  0.  0.  0.  0.  0.]
 [ 0.  0.  0.  0.  0.  0.  0.  0.]
 [ 0.  0.  0.  0.  0.  0.  0.  0.]
 [ 0.  0.  0.  0.  0.  0.  0.  0.]
 [ 0.  0.  0.  0.  0.  0.  0.  0.]
 [ 0.  0.  0.  0.  0.  0.  0.  0.]
 [ 0.  0.  0.  0.  0.  0.  0.  0.]]
person.PFactor:
[[ 1.          0.          0.          0.          0.          0.          0.
   0.        ]
 [ 0.          0.65893175  0.          0.          0.          0.          0.
   0.        ]
 [ 0.          0.          1.          0.          0.          0.          0.
   0.        ]
 [ 0.          0.          0.          0.97205639  0.          0.          0.
   0.        ]
 [ 0.          0.          0.          0.          0.73446695  0.          0.
   0.        ]
 [ 0.          0.          0.          0.          0.          0.87991011
   0.          0.        ]
 [ 0.          0.          0.          0.          0.          0.
   0.83904111  0.        ]
 [ 0.          0.          0.          0.          0.          0.          0.
   0.        ]]
EndAttentionList!



&DoorProb
SimulationTime=5.000000000000002
person.exit_prob:
[[ 0.31500291  0.35882031  0.32617678]
 [ 0.27811852  0.10131992  0.62056156]
 [ 0.41405645  0.1159372   0.47000635]
 [ 0.46875     0.15625     0.375     ]
 [ 0.375       0.25        0.375     ]
 [ 0.5625      0.0625      0.375     ]
 [ 0.3125      0.3125      0.375     ]
 [ 0.          0.          0.        ]]
person.exit_known:
[[ 1.  1.  1.]
 [ 1.  1.  1.]
 [ 1.  1.  1.]
 [ 1.  1.  1.]
 [ 1.  1.  1.]
 [ 1.  1.  1.]
 [ 1.  1.  1.]
 [ 0.  0.  0.]]
prob=[ 0.31500291  0.35882031  0.32617678]
prob=[ 0.27811852  0.10131992  0.62056156]
prob=[ 0.41405645  0.1159372   0.47000635]
prob=[ 0.46875  0.15625  0.375  ]
prob=[ 0.375  0.25   0.375]
prob=[ 0.5625  0.0625  0.375 ]
prob=[ 0.3125  0.3125  0.375 ]
prob=[ 0.  0.  0.]

WellDone!

ai:1--- exit:0
ai:6--- exit:0


&SimulationTime:5.000000000000002

&EndofStep:5.000000000000002


&SimulationTime:5.200000000000002

&EndofStep:5.200000000000002


&SimulationTime:5.400000000000002

&EndofStep:5.400000000000002


&SimulationTime:5.600000000000002


&FinalInfo
agent ID0	 reach the exit ID0
agent ID0	 reaches the exit at time   5.600000000000002

&EndofStep:5.600000000000002


&SimulationTime:5.8000000000000025

&EndofStep:5.8000000000000025


&SimuTime


&AttentionList
SimulationTime=6.000000000000003
person.see_flag:
[[ 1.  0.  0.  0.  0.  0.  0.  0.]
 [ 1.  1.  0.  0.  0.  1.  0.  0.]
 [ 0.  1.  1.  0.  1.  1.  1.  0.]
 [ 0.  0.  1.  1.  1.  0.  0.  0.]
 [ 0.  0.  0.  0.  1.  0.  0.  0.]
 [ 0.  0.  0.  0.  0.  1.  0.  0.]
 [ 0.  0.  0.  0.  0.  0.  1.  0.]
 [ 0.  0.  0.  0.  0.  0.  0.  0.]]
person.comm:
[[ 1.  0.  0.  0.  0.  0.  0.  0.]
 [ 0.  1.  0.  0.  0.  0.  0.  0.]
 [ 0.  1.  1.  0.  0.  0.  0.  0.]
 [ 0.  0.  0.  1.  0.  0.  0.  0.]
 [ 0.  0.  0.  0.  1.  0.  0.  0.]
 [ 0.  0.  0.  0.  0.  1.  0.  0.]
 [ 0.  0.  0.  0.  0.  0.  1.  0.]
 [ 0.  0.  0.  0.  0.  0.  0.  0.]]
person.talk:
[[ 1.  0.  0.  0.  0.  0.  0.  0.]
 [ 0.  1.  0.  0.  0.  0.  0.  0.]
 [ 0.  0.  1.  0.  0.  0.  0.  0.]
 [ 0.  0.  0.  1.  0.  0.  0.  0.]
 [ 0.  0.  0.  0.  1.  0.  0.  0.]
 [ 0.  0.  0.  0.  0.  1.  0.  0.]
 [ 0.  0.  0.  0.  0.  0.  1.  0.]
 [ 0.  0.  0.  0.  0.  0.  0.  0.]]
CArray:
[[ 0.  0.  0.  0.  0.  0.  0.  0.]
 [ 0.  0.  0.  0.  0.  0.  0.  0.]
 [ 0.  0.  0.  0.  0.  0.  0.  0.]
 [ 0.  0.  0.  0.  0.  0.  0.  0.]
 [ 0.  0.  0.  0.  0.  0.  0.  0.]
 [ 0.  0.  0.  0.  0.  0.  0.  0.]
 [ 0.  0.  0.  0.  0.  0.  0.  0.]
 [ 0.  0.  0.  0.  0.  0.  0.  0.]]
person.PFactor:
[[ 1.          0.          0.          0.          0.          0.          0.
   0.        ]
 [ 0.          0.92265669  0.          0.          0.          0.          0.
   0.        ]
 [ 0.          0.          1.          0.          0.          0.          0.
   0.        ]
 [ 0.          0.          0.          0.57283654  0.          0.          0.
   0.        ]
 [ 0.          0.          0.          0.          0.76874232  0.          0.
   0.        ]
 [ 0.          0.          0.          0.          0.          0.59318767
   0.          0.        ]
 [ 0.          0.          0.          0.          0.          0.
   0.91043503  0.        ]
 [ 0.          0.          0.          0.          0.          0.          0.
   0.        ]]
EndAttentionList!



&DoorProb
SimulationTime=6.000000000000003
person.exit_prob:
[[ 0.31500291  0.35882031  0.32617678]
 [ 0.63164738  0.09235114  0.27600147]
 [ 0.41405645  0.1159372   0.47000635]
 [ 0.46875     0.15625     0.375     ]
 [ 0.375       0.25        0.375     ]
 [ 0.5625      0.0625      0.375     ]
 [ 0.46115642  0.25972688  0.2791167 ]
 [ 0.          0.          0.        ]]
person.exit_known:
[[ 1.  1.  1.]
 [ 1.  1.  1.]
 [ 1.  1.  1.]
 [ 1.  1.  1.]
 [ 1.  1.  1.]
 [ 1.  1.  1.]
 [ 1.  1.  1.]
 [ 0.  0.  0.]]
prob=[ 0.31500291  0.35882031  0.32617678]
prob=[ 0.63164738  0.09235114  0.27600147]
prob=[ 0.41405645  0.1159372   0.47000635]
prob=[ 0.46875  0.15625  0.375  ]
prob=[ 0.375  0.25   0.375]
prob=[ 0.5625  0.0625  0.375 ]
prob=[ 0.46115642  0.25972688  0.2791167 ]
prob=[ 0.  0.  0.]

WellDone!

ai:2--- exit:0


&SimulationTime:6.000000000000003

&EndofStep:6.000000000000003


&SimulationTime:6.200000000000003

&EndofStep:6.200000000000003


&SimulationTime:6.400000000000003

&EndofStep:6.400000000000003


&SimulationTime:6.600000000000003

&EndofStep:6.600000000000003


&SimulationTime:6.800000000000003

&EndofStep:6.800000000000003


&SimuTime


&AttentionList
SimulationTime=7.0000000000000036
person.see_flag:
[[ 1.  0.  0.  0.  0.  0.  0.  0.]
 [ 1.  1.  0.  0.  0.  0.  0.  0.]
 [ 0.  0.  1.  0.  0.  0.  0.  0.]
 [ 0.  0.  0.  1.  0.  1.  1.  0.]
 [ 0.  0.  0.  0.  1.  0.  0.  0.]
 [ 0.  0.  1.  1.  1.  1.  0.  0.]
 [ 0.  0.  0.  0.  0.  0.  1.  0.]
 [ 0.  0.  0.  0.  0.  0.  0.  0.]]
person.comm:
[[ 1.  0.  0.  0.  0.  0.  0.  0.]
 [ 0.  1.  0.  0.  0.  0.  0.  0.]
 [ 0.  0.  1.  0.  0.  0.  0.  0.]
 [ 0.  0.  0.  1.  0.  0.  0.  0.]
 [ 0.  0.  0.  0.  1.  0.  0.  0.]
 [ 0.  0.  0.  0.  0.  1.  0.  0.]
 [ 0.  0.  0.  0.  0.  0.  1.  0.]
 [ 0.  0.  0.  0.  0.  0.  0.  0.]]
person.talk:
[[ 1.  0.  0.  0.  0.  0.  0.  0.]
 [ 0.  1.  0.  0.  0.  0.  0.  0.]
 [ 0.  0.  1.  0.  0.  0.  0.  0.]
 [ 0.  0.  0.  1.  0.  0.  0.  0.]
 [ 0.  0.  0.  0.  1.  0.  0.  0.]
 [ 0.  0.  0.  0.  0.  1.  0.  0.]
 [ 0.  0.  0.  0.  0.  0.  1.  0.]
 [ 0.  0.  0.  0.  0.  0.  0.  0.]]
CArray:
[[ 0.  0.  0.  0.  0.  0.  0.  0.]
 [ 0.  0.  0.  0.  0.  0.  0.  0.]
 [ 0.  0.  0.  0.  0.  0.  0.  0.]
 [ 0.  0.  0.  0.  0.  0.  0.  0.]
 [ 0.  0.  0.  0.  0.  0.  0.  0.]
 [ 0.  0.  0.  0.  0.  0.  0.  0.]
 [ 0.  0.  0.  0.  0.  0.  0.  0.]
 [ 0.  0.  0.  0.  0.  0.  0.  0.]]
person.PFactor:
[[ 1.          0.          0.          0.          0.          0.          0.
   0.        ]
 [ 0.          0.95671523  0.          0.          0.          0.          0.
   0.        ]
 [ 0.          0.          1.          0.          0.          0.          0.
   0.        ]
 [ 0.          0.          0.          0.40731908  0.          0.          0.
   0.        ]
 [ 0.          0.          0.          0.          0.8071038   0.          0.
   0.        ]
 [ 0.          0.          0.          0.          0.          0.54800423
   0.          0.        ]
 [ 0.          0.          0.          0.          0.          0.
   0.94235379  0.        ]
 [ 0.          0.          0.          0.          0.          0.          0.
   0.        ]]
EndAttentionList!



&DoorProb
SimulationTime=7.0000000000000036
person.exit_prob:
[[ 0.31500291  0.35882031  0.32617678]
 [ 0.63164738  0.09235114  0.27600147]
 [ 0.39046348  0.11526611  0.49427041]
 [ 0.46875     0.15625     0.375     ]
 [ 0.375       0.25        0.375     ]
 [ 0.5625      0.0625      0.375     ]
 [ 0.46115642  0.25972688  0.2791167 ]
 [ 0.          0.          0.        ]]
person.exit_known:
[[ 1.  1.  1.]
 [ 1.  1.  1.]
 [ 1.  1.  1.]
 [ 1.  1.  1.]
 [ 1.  1.  1.]
 [ 1.  1.  1.]
 [ 1.  1.  1.]
 [ 0.  0.  0.]]
prob=[ 0.31500291  0.35882031  0.32617678]
prob=[ 0.63164738  0.09235114  0.27600147]
prob=[ 0.39046348  0.11526611  0.49427041]
prob=[ 0.46875  0.15625  0.375  ]
prob=[ 0.375  0.25   0.375]
prob=[ 0.5625  0.0625  0.375 ]
prob=[ 0.46115642  0.25972688  0.2791167 ]
prob=[ 0.  0.  0.]

WellDone!



&SimulationTime:7.0000000000000036

&EndofStep:7.0000000000000036


&SimulationTime:7.200000000000004


&FinalInfo
agent ID1	 reach the exit ID0
agent ID1	 reaches the exit at time   7.200000000000004

&EndofStep:7.200000000000004


&SimulationTime:7.400000000000004

&EndofStep:7.400000000000004


&SimulationTime:7.600000000000004

&EndofStep:7.600000000000004


&SimulationTime:7.800000000000004

&EndofStep:7.800000000000004


&SimuTime


&AttentionList
SimulationTime=8.000000000000004
person.see_flag:
[[ 1.  0.  0.  0.  0.  0.  0.  0.]
 [ 1.  1.  0.  0.  0.  0.  0.  0.]
 [ 0.  0.  1.  0.  1.  1.  1.  0.]
 [ 0.  0.  0.  1.  0.  0.  0.  0.]
 [ 0.  0.  0.  0.  1.  0.  0.  0.]
 [ 0.  0.  1.  0.  0.  1.  0.  0.]
 [ 0.  0.  0.  0.  0.  0.  1.  0.]
 [ 0.  0.  0.  0.  0.  0.  0.  0.]]
person.comm:
[[ 1.  0.  0.  0.  0.  0.  0.  0.]
 [ 0.  1.  0.  0.  0.  0.  0.  0.]
 [ 0.  0.  1.  0.  0.  0.  0.  0.]
 [ 0.  0.  0.  1.  0.  0.  0.  0.]
 [ 0.  0.  0.  0.  1.  0.  0.  0.]
 [ 0.  0.  0.  0.  0.  1.  0.  0.]
 [ 0.  0.  0.  0.  0.  0.  1.  0.]
 [ 0.  0.  0.  0.  0.  0.  0.  0.]]
person.talk:
[[ 1.  0.  0.  0.  0.  0.  0.  0.]
 [ 0.  1.  0.  0.  0.  0.  0.  0.]
 [ 0.  0.  1.  0.  0.  0.  0.  0.]
 [ 0.  0.  0.  1.  0.  0.  0.  0.]
 [ 0.  0.  0.  0.  1.  0.  0.  0.]
 [ 0.  0.  0.  0.  0.  1.  0.  0.]
 [ 0.  0.  0.  0.  0.  0.  1.  0.]
 [ 0.  0.  0.  0.  0.  0.  0.  0.]]
CArray:
[[ 0.  0.  0.  0.  0.  0.  0.  0.]
 [ 0.  0.  0.  0.  0.  0.  0.  0.]
 [ 0.  0.  0.  0.  0.  0.  0.  0.]
 [ 0.  0.  0.  0.  0.  0.  0.  0.]
 [ 0.  0.  0.  0.  0.  0.  0.  0.]
 [ 0.  0.  0.  0.  0.  0.  0.  0.]
 [ 0.  0.  0.  0.  0.  0.  0.  0.]
 [ 0.  0.  0.  0.  0.  0.  0.  0.]]
person.PFactor:
[[ 1.          0.          0.          0.          0.          0.          0.
   0.        ]
 [ 0.          0.95671523  0.          0.          0.          0.          0.
   0.        ]
 [ 0.          0.          1.          0.          0.          0.          0.
   0.        ]
 [ 0.          0.          0.          0.75914896  0.          0.          0.
   0.        ]
 [ 0.          0.          0.          0.          0.84067406  0.          0.
   0.        ]
 [ 0.          0.          0.          0.          0.          0.83743001
   0.          0.        ]
 [ 0.          0.          0.          0.          0.          0.
   0.71216125  0.        ]
 [ 0.          0.          0.          0.          0.          0.          0.
   0.        ]]
EndAttentionList!



&DoorProb
SimulationTime=8.000000000000004
person.exit_prob:
[[ 0.31500291  0.35882031  0.32617678]
 [ 0.63164738  0.09235114  0.27600147]
 [ 0.39046348  0.11526611  0.49427041]
 [ 0.46875     0.15625     0.375     ]
 [ 0.375       0.25        0.375     ]
 [ 0.5625      0.0625      0.375     ]
 [ 0.46115642  0.25972688  0.2791167 ]
 [ 0.          0.          0.        ]]
person.exit_known:
[[ 1.  1.  1.]
 [ 1.  1.  1.]
 [ 1.  1.  1.]
 [ 1.  1.  1.]
 [ 1.  1.  1.]
 [ 1.  1.  1.]
 [ 1.  1.  1.]
 [ 0.  0.  0.]]
prob=[ 0.31500291  0.35882031  0.32617678]
prob=[ 0.63164738  0.09235114  0.27600147]
prob=[ 0.39046348  0.11526611  0.49427041]
prob=[ 0.46875  0.15625  0.375  ]
prob=[ 0.375  0.25   0.375]
prob=[ 0.5625  0.0625  0.375 ]
prob=[ 0.46115642  0.25972688  0.2791167 ]
prob=[ 0.  0.  0.]

WellDone!



&SimulationTime:8.000000000000004

&EndofStep:8.000000000000004


&SimulationTime:8.200000000000003


&FinalInfo
agent ID3	 reach the exit ID0
agent ID3	 reaches the exit at time   8.200000000000003

&EndofStep:8.200000000000003


&SimulationTime:8.400000000000002

&EndofStep:8.400000000000002


&SimulationTime:8.600000000000001

&EndofStep:8.600000000000001


&SimulationTime:8.8

&EndofStep:8.8


&SimuTime


&AttentionList
SimulationTime=9.0
person.see_flag:
[[ 1.  0.  0.  0.  0.  0.  0.  0.]
 [ 1.  1.  0.  0.  0.  0.  0.  0.]
 [ 0.  0.  1.  0.  1.  1.  1.  0.]
 [ 0.  0.  0.  1.  0.  0.  0.  0.]
 [ 0.  0.  0.  0.  1.  0.  0.  0.]
 [ 0.  0.  1.  0.  0.  1.  0.  0.]
 [ 0.  0.  0.  0.  0.  0.  1.  0.]
 [ 0.  0.  0.  0.  0.  0.  0.  0.]]
person.comm:
[[ 1.  0.  0.  0.  0.  0.  0.  0.]
 [ 0.  1.  0.  0.  0.  0.  0.  0.]
 [ 0.  0.  1.  0.  0.  0.  0.  0.]
 [ 0.  0.  0.  1.  0.  0.  0.  0.]
 [ 0.  0.  0.  0.  1.  0.  0.  0.]
 [ 0.  0.  0.  0.  0.  1.  0.  0.]
 [ 0.  0.  0.  0.  0.  0.  1.  0.]
 [ 0.  0.  0.  0.  0.  0.  0.  0.]]
person.talk:
[[ 1.  0.  0.  0.  0.  0.  0.  0.]
 [ 0.  1.  0.  0.  0.  0.  0.  0.]
 [ 0.  0.  1.  0.  0.  0.  0.  0.]
 [ 0.  0.  0.  1.  0.  0.  0.  0.]
 [ 0.  0.  0.  0.  1.  0.  0.  0.]
 [ 0.  0.  0.  0.  0.  1.  0.  0.]
 [ 0.  0.  0.  0.  0.  0.  1.  0.]
 [ 0.  0.  0.  0.  0.  0.  0.  0.]]
CArray:
[[ 0.  0.  0.  0.  0.  0.  0.  0.]
 [ 0.  0.  0.  0.  0.  0.  0.  0.]
 [ 0.  0.  0.  0.  0.  0.  0.  0.]
 [ 0.  0.  0.  0.  0.  0.  0.  0.]
 [ 0.  0.  0.  0.  0.  0.  0.  0.]
 [ 0.  0.  0.  0.  0.  0.  0.  0.]
 [ 0.  0.  0.  0.  0.  0.  0.  0.]
 [ 0.  0.  0.  0.  0.  0.  0.  0.]]
person.PFactor:
[[ 1.          0.          0.          0.          0.          0.          0.
   0.        ]
 [ 0.          0.95671523  0.          0.          0.          0.          0.
   0.        ]
 [ 0.          0.          1.          0.          0.          0.          0.
   0.        ]
 [ 0.          0.          0.          0.75914896  0.          0.          0.
   0.        ]
 [ 0.          0.          0.          0.          0.98231944  0.          0.
   0.        ]
 [ 0.          0.          0.          0.          0.          0.51424734
   0.          0.        ]
 [ 0.          0.          0.          0.          0.          0.
   0.78000006  0.        ]
 [ 0.          0.          0.          0.          0.          0.          0.
   0.        ]]
EndAttentionList!



&DoorProb
SimulationTime=9.0
person.exit_prob:
[[ 0.31500291  0.35882031  0.32617678]
 [ 0.63164738  0.09235114  0.27600147]
 [ 0.39046348  0.11526611  0.49427041]
 [ 0.46875     0.15625     0.375     ]
 [ 0.375       0.25        0.375     ]
 [ 0.5625      0.0625      0.375     ]
 [ 0.46115642  0.25972688  0.2791167 ]
 [ 0.          0.          0.        ]]
person.exit_known:
[[ 1.  1.  1.]
 [ 1.  1.  1.]
 [ 1.  1.  1.]
 [ 1.  1.  1.]
 [ 1.  1.  1.]
 [ 1.  1.  1.]
 [ 1.  1.  1.]
 [ 0.  0.  0.]]
prob=[ 0.31500291  0.35882031  0.32617678]
prob=[ 0.63164738  0.09235114  0.27600147]
prob=[ 0.39046348  0.11526611  0.49427041]
prob=[ 0.46875  0.15625  0.375  ]
prob=[ 0.375  0.25   0.375]
prob=[ 0.5625  0.0625  0.375 ]
prob=[ 0.46115642  0.25972688  0.2791167 ]
prob=[ 0.  0.  0.]

WellDone!



&SimulationTime:9.0

&EndofStep:9.0


&SimulationTime:9.2

&EndofStep:9.2


&SimulationTime:9.399999999999999


&FinalInfo
agent ID5	 reach the exit ID0
agent ID5	 reaches the exit at time   9.399999999999999

&EndofStep:9.399999999999999


&SimulationTime:9.599999999999998

&EndofStep:9.599999999999998


&SimulationTime:9.799999999999997

&EndofStep:9.799999999999997


&SimulationTime:9.999999999999996

&EndofStep:9.999999999999996


&SimuTime


&AttentionList
SimulationTime=10.199999999999996
person.see_flag:
[[ 1.  0.  0.  0.  0.  0.  0.  0.]
 [ 1.  1.  0.  0.  0.  0.  0.  0.]
 [ 0.  0.  1.  0.  1.  1.  1.  0.]
 [ 0.  0.  0.  1.  0.  0.  0.  0.]
 [ 0.  0.  0.  0.  1.  0.  0.  0.]
 [ 0.  0.  1.  0.  0.  1.  0.  0.]
 [ 0.  0.  0.  0.  0.  0.  1.  0.]
 [ 0.  0.  0.  0.  0.  0.  0.  0.]]
person.comm:
[[ 1.  0.  0.  0.  0.  0.  0.  0.]
 [ 0.  1.  0.  0.  0.  0.  0.  0.]
 [ 0.  0.  1.  0.  0.  0.  0.  0.]
 [ 0.  0.  0.  1.  0.  0.  0.  0.]
 [ 0.  0.  0.  0.  1.  0.  0.  0.]
 [ 0.  0.  0.  0.  0.  1.  0.  0.]
 [ 0.  0.  0.  0.  0.  0.  1.  0.]
 [ 0.  0.  0.  0.  0.  0.  0.  0.]]
person.talk:
[[ 1.  0.  0.  0.  0.  0.  0.  0.]
 [ 0.  1.  0.  0.  0.  0.  0.  0.]
 [ 0.  0.  1.  0.  0.  0.  0.  0.]
 [ 0.  0.  0.  1.  0.  0.  0.  0.]
 [ 0.  0.  0.  0.  1.  0.  0.  0.]
 [ 0.  0.  0.  0.  0.  1.  0.  0.]
 [ 0.  0.  0.  0.  0.  0.  1.  0.]
 [ 0.  0.  0.  0.  0.  0.  0.  0.]]
CArray:
[[ 0.  0.  0.  0.  0.  0.  0.  0.]
 [ 0.  0.  0.  0.  0.  0.  0.  0.]
 [ 0.  0.  0.  0.  0.  0.  0.  0.]
 [ 0.  0.  0.  0.  0.  0.  0.  0.]
 [ 0.  0.  0.  0.  0.  0.  0.  0.]
 [ 0.  0.  0.  0.  0.  0.  0.  0.]
 [ 0.  0.  0.  0.  0.  0.  0.  0.]
 [ 0.  0.  0.  0.  0.  0.  0.  0.]]
person.PFactor:
[[ 1.          0.          0.          0.          0.          0.          0.
   0.        ]
 [ 0.          0.95671523  0.          0.          0.          0.          0.
   0.        ]
 [ 0.          0.          1.          0.          0.          0.          0.
   0.        ]
 [ 0.          0.          0.          0.75914896  0.          0.          0.
   0.        ]
 [ 0.          0.          0.          0.          0.60148688  0.          0.
   0.        ]
 [ 0.          0.          0.          0.          0.          0.51424734
   0.          0.        ]
 [ 0.          0.          0.          0.          0.          0.
   0.55846253  0.        ]
 [ 0.          0.          0.          0.          0.          0.          0.
   0.        ]]
EndAttentionList!



&DoorProb
SimulationTime=10.199999999999996
person.exit_prob:
[[ 0.31500291  0.35882031  0.32617678]
 [ 0.63164738  0.09235114  0.27600147]
 [ 0.39046348  0.11526611  0.49427041]
 [ 0.46875     0.15625     0.375     ]
 [ 0.375       0.25        0.375     ]
 [ 0.5625      0.0625      0.375     ]
 [ 0.46115642  0.25972688  0.2791167 ]
 [ 0.          0.          0.        ]]
person.exit_known:
[[ 1.  1.  1.]
 [ 1.  1.  1.]
 [ 1.  1.  1.]
 [ 1.  1.  1.]
 [ 1.  1.  1.]
 [ 1.  1.  1.]
 [ 1.  1.  1.]
 [ 0.  0.  0.]]
prob=[ 0.31500291  0.35882031  0.32617678]
prob=[ 0.63164738  0.09235114  0.27600147]
prob=[ 0.39046348  0.11526611  0.49427041]
prob=[ 0.46875  0.15625  0.375  ]
prob=[ 0.375  0.25   0.375]
prob=[ 0.5625  0.0625  0.375 ]
prob=[ 0.46115642  0.25972688  0.2791167 ]
prob=[ 0.  0.  0.]

WellDone!



&SimulationTime:10.199999999999996

&EndofStep:10.199999999999996


&SimulationTime:10.399999999999995

&EndofStep:10.399999999999995


&SimulationTime:10.599999999999994

&EndofStep:10.599999999999994


&SimulationTime:10.799999999999994

&EndofStep:10.799999999999994


&SimulationTime:10.999999999999993

&EndofStep:10.999999999999993


&SimuTime


&AttentionList
SimulationTime=11.199999999999992
person.see_flag:
[[ 1.  0.  0.  0.  0.  0.  0.  0.]
 [ 1.  1.  0.  0.  0.  0.  0.  0.]
 [ 0.  0.  1.  0.  0.  1.  1.  0.]
 [ 0.  0.  0.  1.  0.  0.  0.  0.]
 [ 0.  0.  0.  0.  1.  0.  0.  0.]
 [ 0.  0.  1.  0.  0.  1.  0.  0.]
 [ 0.  0.  0.  0.  0.  0.  1.  0.]
 [ 0.  0.  0.  0.  0.  0.  0.  0.]]
person.comm:
[[ 1.  0.  0.  0.  0.  0.  0.  0.]
 [ 0.  1.  0.  0.  0.  0.  0.  0.]
 [ 0.  0.  1.  0.  0.  0.  0.  0.]
 [ 0.  0.  0.  1.  0.  0.  0.  0.]
 [ 0.  0.  0.  0.  1.  0.  0.  0.]
 [ 0.  0.  0.  0.  0.  1.  0.  0.]
 [ 0.  0.  0.  0.  0.  0.  1.  0.]
 [ 0.  0.  0.  0.  0.  0.  0.  0.]]
person.talk:
[[ 1.  0.  0.  0.  0.  0.  0.  0.]
 [ 0.  1.  0.  0.  0.  0.  0.  0.]
 [ 0.  0.  1.  0.  0.  0.  0.  0.]
 [ 0.  0.  0.  1.  0.  0.  0.  0.]
 [ 0.  0.  0.  0.  1.  0.  0.  0.]
 [ 0.  0.  0.  0.  0.  1.  0.  0.]
 [ 0.  0.  0.  0.  0.  0.  1.  0.]
 [ 0.  0.  0.  0.  0.  0.  0.  0.]]
CArray:
[[ 0.  0.  0.  0.  0.  0.  0.  0.]
 [ 0.  0.  0.  0.  0.  0.  0.  0.]
 [ 0.  0.  0.  0.  0.  0.  0.  0.]
 [ 0.  0.  0.  0.  0.  0.  0.  0.]
 [ 0.  0.  0.  0.  0.  0.  0.  0.]
 [ 0.  0.  0.  0.  0.  0.  0.  0.]
 [ 0.  0.  0.  0.  0.  0.  0.  0.]
 [ 0.  0.  0.  0.  0.  0.  0.  0.]]
person.PFactor:
[[ 1.          0.          0.          0.          0.          0.          0.
   0.        ]
 [ 0.          0.95671523  0.          0.          0.          0.          0.
   0.        ]
 [ 0.          0.          1.          0.          0.          0.          0.
   0.        ]
 [ 0.          0.          0.          0.75914896  0.          0.          0.
   0.        ]
 [ 0.          0.          0.          0.          0.65126922  0.          0.
   0.        ]
 [ 0.          0.          0.          0.          0.          0.51424734
   0.          0.        ]
 [ 0.          0.          0.          0.          0.          0.
   0.87062032  0.        ]
 [ 0.          0.          0.          0.          0.          0.          0.
   0.        ]]
EndAttentionList!



&DoorProb
SimulationTime=11.199999999999992
person.exit_prob:
[[ 0.31500291  0.35882031  0.32617678]
 [ 0.63164738  0.09235114  0.27600147]
 [ 0.39046348  0.11526611  0.49427041]
 [ 0.46875     0.15625     0.375     ]
 [ 0.375       0.25        0.375     ]
 [ 0.5625      0.0625      0.375     ]
 [ 0.46115642  0.25972688  0.2791167 ]
 [ 0.          0.          0.        ]]
person.exit_known:
[[ 1.  1.  1.]
 [ 1.  1.  1.]
 [ 1.  1.  1.]
 [ 1.  1.  1.]
 [ 1.  1.  1.]
 [ 1.  1.  1.]
 [ 1.  1.  1.]
 [ 0.  0.  0.]]
prob=[ 0.31500291  0.35882031  0.32617678]
prob=[ 0.63164738  0.09235114  0.27600147]
prob=[ 0.39046348  0.11526611  0.49427041]
prob=[ 0.46875  0.15625  0.375  ]
prob=[ 0.375  0.25   0.375]
prob=[ 0.5625  0.0625  0.375 ]
prob=[ 0.46115642  0.25972688  0.2791167 ]
prob=[ 0.  0.  0.]

WellDone!



&SimulationTime:11.199999999999992

&EndofStep:11.199999999999992


&SimulationTime:11.399999999999991

&EndofStep:11.399999999999991


&SimulationTime:11.59999999999999

&EndofStep:11.59999999999999


&SimulationTime:11.79999999999999

&EndofStep:11.79999999999999


&SimulationTime:11.99999999999999

&EndofStep:11.99999999999999


&SimuTime


&AttentionList
SimulationTime=12.199999999999989
person.see_flag:
[[ 1.  0.  0.  0.  0.  0.  0.  0.]
 [ 1.  1.  0.  0.  0.  0.  0.  0.]
 [ 0.  0.  1.  0.  0.  1.  0.  0.]
 [ 0.  0.  0.  1.  0.  0.  0.  0.]
 [ 0.  0.  0.  0.  1.  0.  0.  0.]
 [ 0.  0.  1.  0.  0.  1.  0.  0.]
 [ 0.  0.  0.  0.  0.  0.  1.  0.]
 [ 0.  0.  0.  0.  0.  0.  0.  0.]]
person.comm:
[[ 1.  0.  0.  0.  0.  0.  0.  0.]
 [ 0.  1.  0.  0.  0.  0.  0.  0.]
 [ 0.  0.  1.  0.  0.  0.  0.  0.]
 [ 0.  0.  0.  1.  0.  0.  0.  0.]
 [ 0.  0.  0.  0.  1.  0.  0.  0.]
 [ 0.  0.  0.  0.  0.  1.  0.  0.]
 [ 0.  0.  0.  0.  0.  0.  1.  0.]
 [ 0.  0.  0.  0.  0.  0.  0.  0.]]
person.talk:
[[ 1.  0.  0.  0.  0.  0.  0.  0.]
 [ 0.  1.  0.  0.  0.  0.  0.  0.]
 [ 0.  0.  1.  0.  0.  0.  0.  0.]
 [ 0.  0.  0.  1.  0.  0.  0.  0.]
 [ 0.  0.  0.  0.  1.  0.  0.  0.]
 [ 0.  0.  0.  0.  0.  1.  0.  0.]
 [ 0.  0.  0.  0.  0.  0.  1.  0.]
 [ 0.  0.  0.  0.  0.  0.  0.  0.]]
CArray:
[[ 0.  0.  0.  0.  0.  0.  0.  0.]
 [ 0.  0.  0.  0.  0.  0.  0.  0.]
 [ 0.  0.  0.  0.  0.  0.  0.  0.]
 [ 0.  0.  0.  0.  0.  0.  0.  0.]
 [ 0.  0.  0.  0.  0.  0.  0.  0.]
 [ 0.  0.  0.  0.  0.  0.  0.  0.]
 [ 0.  0.  0.  0.  0.  0.  0.  0.]
 [ 0.  0.  0.  0.  0.  0.  0.  0.]]
person.PFactor:
[[ 1.          0.          0.          0.          0.          0.          0.
   0.        ]
 [ 0.          0.95671523  0.          0.          0.          0.          0.
   0.        ]
 [ 0.          0.          1.          0.          0.          0.          0.
   0.        ]
 [ 0.          0.          0.          0.75914896  0.          0.          0.
   0.        ]
 [ 0.          0.          0.          0.          0.67147128  0.          0.
   0.        ]
 [ 0.          0.          0.          0.          0.          0.51424734
   0.          0.        ]
 [ 0.          0.          0.          0.          0.          0.
   0.4846096   0.        ]
 [ 0.          0.          0.          0.          0.          0.          0.
   0.        ]]
EndAttentionList!



&DoorProb
SimulationTime=12.199999999999989
person.exit_prob:
[[ 0.31500291  0.35882031  0.32617678]
 [ 0.63164738  0.09235114  0.27600147]
 [ 0.39046348  0.11526611  0.49427041]
 [ 0.46875     0.15625     0.375     ]
 [ 0.375       0.25        0.375     ]
 [ 0.5625      0.0625      0.375     ]
 [ 0.46115642  0.25972688  0.2791167 ]
 [ 0.          0.          0.        ]]
person.exit_known:
[[ 1.  1.  1.]
 [ 1.  1.  1.]
 [ 1.  1.  1.]
 [ 1.  1.  1.]
 [ 1.  1.  1.]
 [ 1.  1.  1.]
 [ 1.  1.  1.]
 [ 0.  0.  0.]]
prob=[ 0.31500291  0.35882031  0.32617678]
prob=[ 0.63164738  0.09235114  0.27600147]
prob=[ 0.39046348  0.11526611  0.49427041]
prob=[ 0.46875  0.15625  0.375  ]
prob=[ 0.375  0.25   0.375]
prob=[ 0.5625  0.0625  0.375 ]
prob=[ 0.46115642  0.25972688  0.2791167 ]
prob=[ 0.  0.  0.]

WellDone!



&SimulationTime:12.199999999999989

&EndofStep:12.199999999999989


&SimulationTime:12.399999999999988


&FinalInfo
agent ID2	 reach the exit ID0
agent ID2	 reaches the exit at time   12.399999999999988

&EndofStep:12.399999999999988


&SimulationTime:12.599999999999987

&EndofStep:12.599999999999987


&SimulationTime:12.799999999999986

&EndofStep:12.799999999999986


&SimulationTime:12.999999999999986

&EndofStep:12.999999999999986


&SimuTime


&AttentionList
SimulationTime=13.199999999999985
person.see_flag:
[[ 1.  0.  0.  0.  0.  0.  0.  0.]
 [ 1.  1.  0.  0.  0.  0.  0.  0.]
 [ 0.  0.  1.  0.  0.  1.  0.  0.]
 [ 0.  0.  0.  1.  0.  0.  0.  0.]
 [ 0.  0.  0.  0.  1.  0.  0.  0.]
 [ 0.  0.  1.  0.  0.  1.  0.  0.]
 [ 0.  0.  0.  0.  0.  0.  1.  0.]
 [ 0.  0.  0.  0.  0.  0.  0.  0.]]
person.comm:
[[ 1.  0.  0.  0.  0.  0.  0.  0.]
 [ 0.  1.  0.  0.  0.  0.  0.  0.]
 [ 0.  0.  1.  0.  0.  0.  0.  0.]
 [ 0.  0.  0.  1.  0.  0.  0.  0.]
 [ 0.  0.  0.  0.  1.  0.  0.  0.]
 [ 0.  0.  0.  0.  0.  1.  0.  0.]
 [ 0.  0.  0.  0.  0.  0.  1.  0.]
 [ 0.  0.  0.  0.  0.  0.  0.  0.]]
person.talk:
[[ 1.  0.  0.  0.  0.  0.  0.  0.]
 [ 0.  1.  0.  0.  0.  0.  0.  0.]
 [ 0.  0.  1.  0.  0.  0.  0.  0.]
 [ 0.  0.  0.  1.  0.  0.  0.  0.]
 [ 0.  0.  0.  0.  1.  0.  0.  0.]
 [ 0.  0.  0.  0.  0.  1.  0.  0.]
 [ 0.  0.  0.  0.  0.  0.  1.  0.]
 [ 0.  0.  0.  0.  0.  0.  0.  0.]]
CArray:
[[ 0.  0.  0.  0.  0.  0.  0.  0.]
 [ 0.  0.  0.  0.  0.  0.  0.  0.]
 [ 0.  0.  0.  0.  0.  0.  0.  0.]
 [ 0.  0.  0.  0.  0.  0.  0.  0.]
 [ 0.  0.  0.  0.  0.  0.  0.  0.]
 [ 0.  0.  0.  0.  0.  0.  0.  0.]
 [ 0.  0.  0.  0.  0.  0.  0.  0.]
 [ 0.  0.  0.  0.  0.  0.  0.  0.]]
person.PFactor:
[[ 1.          0.          0.          0.          0.          0.          0.
   0.        ]
 [ 0.          0.95671523  0.          0.          0.          0.          0.
   0.        ]
 [ 0.          0.          1.          0.          0.          0.          0.
   0.        ]
 [ 0.          0.          0.          0.75914896  0.          0.          0.
   0.        ]
 [ 0.          0.          0.          0.          0.82196505  0.          0.
   0.        ]
 [ 0.          0.          0.          0.          0.          0.51424734
   0.          0.        ]
 [ 0.          0.          0.          0.          0.          0.
   0.41320911  0.        ]
 [ 0.          0.          0.          0.          0.          0.          0.
   0.        ]]
EndAttentionList!



&DoorProb
SimulationTime=13.199999999999985
person.exit_prob:
[[ 0.31500291  0.35882031  0.32617678]
 [ 0.63164738  0.09235114  0.27600147]
 [ 0.39046348  0.11526611  0.49427041]
 [ 0.46875     0.15625     0.375     ]
 [ 0.375       0.25        0.375     ]
 [ 0.5625      0.0625      0.375     ]
 [ 0.46115642  0.25972688  0.2791167 ]
 [ 0.          0.          0.        ]]
person.exit_known:
[[ 1.  1.  1.]
 [ 1.  1.  1.]
 [ 1.  1.  1.]
 [ 1.  1.  1.]
 [ 1.  1.  1.]
 [ 1.  1.  1.]
 [ 1.  1.  1.]
 [ 0.  0.  0.]]
prob=[ 0.31500291  0.35882031  0.32617678]
prob=[ 0.63164738  0.09235114  0.27600147]
prob=[ 0.39046348  0.11526611  0.49427041]
prob=[ 0.46875  0.15625  0.375  ]
prob=[ 0.375  0.25   0.375]
prob=[ 0.5625  0.0625  0.375 ]
prob=[ 0.46115642  0.25972688  0.2791167 ]
prob=[ 0.  0.  0.]

WellDone!



&SimulationTime:13.199999999999985

&EndofStep:13.199999999999985


&SimulationTime:13.399999999999984

&EndofStep:13.399999999999984


&SimulationTime:13.599999999999984

&EndofStep:13.599999999999984


&SimulationTime:13.799999999999983

&EndofStep:13.799999999999983


&SimulationTime:13.999999999999982

&EndofStep:13.999999999999982


&SimuTime


&AttentionList
SimulationTime=14.199999999999982
person.see_flag:
[[ 1.  0.  0.  0.  0.  0.  0.  0.]
 [ 1.  1.  0.  0.  0.  0.  0.  0.]
 [ 0.  0.  1.  0.  0.  1.  0.  0.]
 [ 0.  0.  0.  1.  0.  0.  0.  0.]
 [ 0.  0.  0.  0.  1.  0.  0.  0.]
 [ 0.  0.  1.  0.  0.  1.  0.  0.]
 [ 0.  0.  0.  0.  0.  0.  1.  0.]
 [ 0.  0.  0.  0.  0.  0.  0.  0.]]
person.comm:
[[ 1.  0.  0.  0.  0.  0.  0.  0.]
 [ 0.  1.  0.  0.  0.  0.  0.  0.]
 [ 0.  0.  1.  0.  0.  0.  0.  0.]
 [ 0.  0.  0.  1.  0.  0.  0.  0.]
 [ 0.  0.  0.  0.  1.  0.  0.  0.]
 [ 0.  0.  0.  0.  0.  1.  0.  0.]
 [ 0.  0.  0.  0.  0.  0.  1.  0.]
 [ 0.  0.  0.  0.  0.  0.  0.  0.]]
person.talk:
[[ 1.  0.  0.  0.  0.  0.  0.  0.]
 [ 0.  1.  0.  0.  0.  0.  0.  0.]
 [ 0.  0.  1.  0.  0.  0.  0.  0.]
 [ 0.  0.  0.  1.  0.  0.  0.  0.]
 [ 0.  0.  0.  0.  1.  0.  0.  0.]
 [ 0.  0.  0.  0.  0.  1.  0.  0.]
 [ 0.  0.  0.  0.  0.  0.  1.  0.]
 [ 0.  0.  0.  0.  0.  0.  0.  0.]]
CArray:
[[ 0.  0.  0.  0.  0.  0.  0.  0.]
 [ 0.  0.  0.  0.  0.  0.  0.  0.]
 [ 0.  0.  0.  0.  0.  0.  0.  0.]
 [ 0.  0.  0.  0.  0.  0.  0.  0.]
 [ 0.  0.  0.  0.  0.  0.  0.  0.]
 [ 0.  0.  0.  0.  0.  0.  0.  0.]
 [ 0.  0.  0.  0.  0.  0.  0.  0.]
 [ 0.  0.  0.  0.  0.  0.  0.  0.]]
person.PFactor:
[[ 1.          0.          0.          0.          0.          0.          0.
   0.        ]
 [ 0.          0.95671523  0.          0.          0.          0.          0.
   0.        ]
 [ 0.          0.          1.          0.          0.          0.          0.
   0.        ]
 [ 0.          0.          0.          0.75914896  0.          0.          0.
   0.        ]
 [ 0.          0.          0.          0.          0.48339043  0.          0.
   0.        ]
 [ 0.          0.          0.          0.          0.          0.51424734
   0.          0.        ]
 [ 0.          0.          0.          0.          0.          0.
   0.96048147  0.        ]
 [ 0.          0.          0.          0.          0.          0.          0.
   0.        ]]
EndAttentionList!



&DoorProb
SimulationTime=14.199999999999982
person.exit_prob:
[[ 0.31500291  0.35882031  0.32617678]
 [ 0.63164738  0.09235114  0.27600147]
 [ 0.39046348  0.11526611  0.49427041]
 [ 0.46875     0.15625     0.375     ]
 [ 0.375       0.25        0.375     ]
 [ 0.5625      0.0625      0.375     ]
 [ 0.46115642  0.25972688  0.2791167 ]
 [ 0.          0.          0.        ]]
person.exit_known:
[[ 1.  1.  1.]
 [ 1.  1.  1.]
 [ 1.  1.  1.]
 [ 1.  1.  1.]
 [ 1.  1.  1.]
 [ 1.  1.  1.]
 [ 1.  1.  1.]
 [ 0.  0.  0.]]
prob=[ 0.31500291  0.35882031  0.32617678]
prob=[ 0.63164738  0.09235114  0.27600147]
prob=[ 0.39046348  0.11526611  0.49427041]
prob=[ 0.46875  0.15625  0.375  ]
prob=[ 0.375  0.25   0.375]
prob=[ 0.5625  0.0625  0.375 ]
prob=[ 0.46115642  0.25972688  0.2791167 ]
prob=[ 0.  0.  0.]

WellDone!



&SimulationTime:14.199999999999982

&EndofStep:14.199999999999982


&SimulationTime:14.39999999999998

&EndofStep:14.39999999999998


&SimulationTime:14.59999999999998

&EndofStep:14.59999999999998


&SimulationTime:14.79999999999998

&EndofStep:14.79999999999998


&SimulationTime:14.999999999999979

&EndofStep:14.999999999999979


&SimuTime


&AttentionList
SimulationTime=15.199999999999978
person.see_flag:
[[ 1.  0.  0.  0.  0.  0.  0.  0.]
 [ 1.  1.  0.  0.  0.  0.  0.  0.]
 [ 0.  0.  1.  0.  0.  1.  0.  0.]
 [ 0.  0.  0.  1.  0.  0.  0.  0.]
 [ 0.  0.  0.  0.  1.  0.  0.  0.]
 [ 0.  0.  1.  0.  0.  1.  0.  0.]
 [ 0.  0.  0.  0.  1.  0.  1.  0.]
 [ 0.  0.  0.  0.  0.  0.  0.  0.]]
person.comm:
[[ 1.  0.  0.  0.  0.  0.  0.  0.]
 [ 0.  1.  0.  0.  0.  0.  0.  0.]
 [ 0.  0.  1.  0.  0.  0.  0.  0.]
 [ 0.  0.  0.  1.  0.  0.  0.  0.]
 [ 0.  0.  0.  0.  1.  0.  0.  0.]
 [ 0.  0.  0.  0.  0.  1.  0.  0.]
 [ 0.  0.  0.  0.  0.  0.  1.  0.]
 [ 0.  0.  0.  0.  0.  0.  0.  0.]]
person.talk:
[[ 1.  0.  0.  0.  0.  0.  0.  0.]
 [ 0.  1.  0.  0.  0.  0.  0.  0.]
 [ 0.  0.  1.  0.  0.  0.  0.  0.]
 [ 0.  0.  0.  1.  0.  0.  0.  0.]
 [ 0.  0.  0.  0.  1.  0.  0.  0.]
 [ 0.  0.  0.  0.  0.  1.  0.  0.]
 [ 0.  0.  0.  0.  0.  0.  1.  0.]
 [ 0.  0.  0.  0.  0.  0.  0.  0.]]
CArray:
[[ 0.  0.  0.  0.  0.  0.  0.  0.]
 [ 0.  0.  0.  0.  0.  0.  0.  0.]
 [ 0.  0.  0.  0.  0.  0.  0.  0.]
 [ 0.  0.  0.  0.  0.  0.  0.  0.]
 [ 0.  0.  0.  0.  0.  0.  0.  0.]
 [ 0.  0.  0.  0.  0.  0.  0.  0.]
 [ 0.  0.  0.  0.  0.  0.  0.  0.]
 [ 0.  0.  0.  0.  0.  0.  0.  0.]]
person.PFactor:
[[ 1.          0.          0.          0.          0.          0.          0.
   0.        ]
 [ 0.          0.95671523  0.          0.          0.          0.          0.
   0.        ]
 [ 0.          0.          1.          0.          0.          0.          0.
   0.        ]
 [ 0.          0.          0.          0.75914896  0.          0.          0.
   0.        ]
 [ 0.          0.          0.          0.          0.60816549  0.          0.
   0.        ]
 [ 0.          0.          0.          0.          0.          0.51424734
   0.          0.        ]
 [ 0.          0.          0.          0.          0.          0.
   0.94179297  0.        ]
 [ 0.          0.          0.          0.          0.          0.          0.
   0.        ]]
EndAttentionList!



&DoorProb
SimulationTime=15.199999999999978
person.exit_prob:
[[ 0.31500291  0.35882031  0.32617678]
 [ 0.63164738  0.09235114  0.27600147]
 [ 0.39046348  0.11526611  0.49427041]
 [ 0.46875     0.15625     0.375     ]
 [ 0.375       0.25        0.375     ]
 [ 0.5625      0.0625      0.375     ]
 [ 0.46115642  0.25972688  0.2791167 ]
 [ 0.          0.          0.        ]]
person.exit_known:
[[ 1.  1.  1.]
 [ 1.  1.  1.]
 [ 1.  1.  1.]
 [ 1.  1.  1.]
 [ 1.  1.  1.]
 [ 1.  1.  1.]
 [ 1.  1.  1.]
 [ 0.  0.  0.]]
prob=[ 0.31500291  0.35882031  0.32617678]
prob=[ 0.63164738  0.09235114  0.27600147]
prob=[ 0.39046348  0.11526611  0.49427041]
prob=[ 0.46875  0.15625  0.375  ]
prob=[ 0.375  0.25   0.375]
prob=[ 0.5625  0.0625  0.375 ]
prob=[ 0.46115642  0.25972688  0.2791167 ]
prob=[ 0.  0.  0.]

WellDone!



&SimulationTime:15.199999999999978

&EndofStep:15.199999999999978


&SimulationTime:15.399999999999977

&EndofStep:15.399999999999977


&SimulationTime:15.599999999999977

&EndofStep:15.599999999999977


&SimulationTime:15.799999999999976

&EndofStep:15.799999999999976


&SimulationTime:15.999999999999975

&EndofStep:15.999999999999975


&SimuTime


&AttentionList
SimulationTime=16.199999999999974
person.see_flag:
[[ 1.  0.  0.  0.  0.  0.  0.  0.]
 [ 1.  1.  0.  0.  0.  0.  0.  0.]
 [ 0.  0.  1.  0.  0.  1.  0.  0.]
 [ 0.  0.  0.  1.  0.  0.  0.  0.]
 [ 0.  0.  0.  0.  1.  0.  0.  0.]
 [ 0.  0.  1.  0.  0.  1.  0.  0.]
 [ 0.  0.  0.  0.  0.  0.  1.  0.]
 [ 0.  0.  0.  0.  0.  0.  0.  0.]]
person.comm:
[[ 1.  0.  0.  0.  0.  0.  0.  0.]
 [ 0.  1.  0.  0.  0.  0.  0.  0.]
 [ 0.  0.  1.  0.  0.  0.  0.  0.]
 [ 0.  0.  0.  1.  0.  0.  0.  0.]
 [ 0.  0.  0.  0.  1.  0.  0.  0.]
 [ 0.  0.  0.  0.  0.  1.  0.  0.]
 [ 0.  0.  0.  0.  0.  0.  1.  0.]
 [ 0.  0.  0.  0.  0.  0.  0.  0.]]
person.talk:
[[ 1.  0.  0.  0.  0.  0.  0.  0.]
 [ 0.  1.  0.  0.  0.  0.  0.  0.]
 [ 0.  0.  1.  0.  0.  0.  0.  0.]
 [ 0.  0.  0.  1.  0.  0.  0.  0.]
 [ 0.  0.  0.  0.  1.  0.  0.  0.]
 [ 0.  0.  0.  0.  0.  1.  0.  0.]
 [ 0.  0.  0.  0.  0.  0.  1.  0.]
 [ 0.  0.  0.  0.  0.  0.  0.  0.]]
CArray:
[[ 0.  0.  0.  0.  0.  0.  0.  0.]
 [ 0.  0.  0.  0.  0.  0.  0.  0.]
 [ 0.  0.  0.  0.  0.  0.  0.  0.]
 [ 0.  0.  0.  0.  0.  0.  0.  0.]
 [ 0.  0.  0.  0.  0.  0.  0.  0.]
 [ 0.  0.  0.  0.  0.  0.  0.  0.]
 [ 0.  0.  0.  0.  0.  0.  0.  0.]
 [ 0.  0.  0.  0.  0.  0.  0.  0.]]
person.PFactor:
[[ 1.          0.          0.          0.          0.          0.          0.
   0.        ]
 [ 0.          0.95671523  0.          0.          0.          0.          0.
   0.        ]
 [ 0.          0.          1.          0.          0.          0.          0.
   0.        ]
 [ 0.          0.          0.          0.75914896  0.          0.          0.
   0.        ]
 [ 0.          0.          0.          0.          0.76153174  0.          0.
   0.        ]
 [ 0.          0.          0.          0.          0.          0.51424734
   0.          0.        ]
 [ 0.          0.          0.          0.          0.          0.
   0.84678946  0.        ]
 [ 0.          0.          0.          0.          0.          0.          0.
   0.        ]]
EndAttentionList!



&DoorProb
SimulationTime=16.199999999999974
person.exit_prob:
[[ 0.31500291  0.35882031  0.32617678]
 [ 0.63164738  0.09235114  0.27600147]
 [ 0.39046348  0.11526611  0.49427041]
 [ 0.46875     0.15625     0.375     ]
 [ 0.375       0.25        0.375     ]
 [ 0.5625      0.0625      0.375     ]
 [ 0.46115642  0.25972688  0.2791167 ]
 [ 0.          0.          0.        ]]
person.exit_known:
[[ 1.  1.  1.]
 [ 1.  1.  1.]
 [ 1.  1.  1.]
 [ 1.  1.  1.]
 [ 1.  1.  1.]
 [ 1.  1.  1.]
 [ 1.  1.  1.]
 [ 0.  0.  0.]]
prob=[ 0.31500291  0.35882031  0.32617678]
prob=[ 0.63164738  0.09235114  0.27600147]
prob=[ 0.39046348  0.11526611  0.49427041]
prob=[ 0.46875  0.15625  0.375  ]
prob=[ 0.375  0.25   0.375]
prob=[ 0.5625  0.0625  0.375 ]
prob=[ 0.46115642  0.25972688  0.2791167 ]
prob=[ 0.  0.  0.]

WellDone!



&SimulationTime:16.199999999999974

&EndofStep:16.199999999999974


&SimulationTime:16.399999999999974

&EndofStep:16.399999999999974


&SimulationTime:16.599999999999973

&EndofStep:16.599999999999973


&SimulationTime:16.799999999999972

&EndofStep:16.799999999999972


&SimulationTime:16.99999999999997

&EndofStep:16.99999999999997


&SimuTime


&AttentionList
SimulationTime=17.19999999999997
person.see_flag:
[[ 1.  0.  0.  0.  0.  0.  0.  0.]
 [ 1.  1.  0.  0.  0.  0.  0.  0.]
 [ 0.  0.  1.  0.  0.  1.  0.  0.]
 [ 0.  0.  0.  1.  0.  0.  0.  0.]
 [ 0.  0.  0.  0.  1.  0.  0.  0.]
 [ 0.  0.  1.  0.  0.  1.  0.  0.]
 [ 0.  0.  0.  0.  0.  0.  1.  0.]
 [ 0.  0.  0.  0.  0.  0.  0.  0.]]
person.comm:
[[ 1.  0.  0.  0.  0.  0.  0.  0.]
 [ 0.  1.  0.  0.  0.  0.  0.  0.]
 [ 0.  0.  1.  0.  0.  0.  0.  0.]
 [ 0.  0.  0.  1.  0.  0.  0.  0.]
 [ 0.  0.  0.  0.  1.  0.  0.  0.]
 [ 0.  0.  0.  0.  0.  1.  0.  0.]
 [ 0.  0.  0.  0.  0.  0.  1.  0.]
 [ 0.  0.  0.  0.  0.  0.  0.  0.]]
person.talk:
[[ 1.  0.  0.  0.  0.  0.  0.  0.]
 [ 0.  1.  0.  0.  0.  0.  0.  0.]
 [ 0.  0.  1.  0.  0.  0.  0.  0.]
 [ 0.  0.  0.  1.  0.  0.  0.  0.]
 [ 0.  0.  0.  0.  1.  0.  0.  0.]
 [ 0.  0.  0.  0.  0.  1.  0.  0.]
 [ 0.  0.  0.  0.  0.  0.  1.  0.]
 [ 0.  0.  0.  0.  0.  0.  0.  0.]]
CArray:
[[ 0.  0.  0.  0.  0.  0.  0.  0.]
 [ 0.  0.  0.  0.  0.  0.  0.  0.]
 [ 0.  0.  0.  0.  0.  0.  0.  0.]
 [ 0.  0.  0.  0.  0.  0.  0.  0.]
 [ 0.  0.  0.  0.  0.  0.  0.  0.]
 [ 0.  0.  0.  0.  0.  0.  0.  0.]
 [ 0.  0.  0.  0.  0.  0.  0.  0.]
 [ 0.  0.  0.  0.  0.  0.  0.  0.]]
person.PFactor:
[[ 1.          0.          0.          0.          0.          0.          0.
   0.        ]
 [ 0.          0.95671523  0.          0.          0.          0.          0.
   0.        ]
 [ 0.          0.          1.          0.          0.          0.          0.
   0.        ]
 [ 0.          0.          0.          0.75914896  0.          0.          0.
   0.        ]
 [ 0.          0.          0.          0.          0.67905349  0.          0.
   0.        ]
 [ 0.          0.          0.          0.          0.          0.51424734
   0.          0.        ]
 [ 0.          0.          0.          0.          0.          0.
   0.8737429   0.        ]
 [ 0.          0.          0.          0.          0.          0.          0.
   0.        ]]
EndAttentionList!



&DoorProb
SimulationTime=17.19999999999997
person.exit_prob:
[[ 0.31500291  0.35882031  0.32617678]
 [ 0.63164738  0.09235114  0.27600147]
 [ 0.39046348  0.11526611  0.49427041]
 [ 0.46875     0.15625     0.375     ]
 [ 0.375       0.25        0.375     ]
 [ 0.5625      0.0625      0.375     ]
 [ 0.46115642  0.25972688  0.2791167 ]
 [ 0.          0.          0.        ]]
person.exit_known:
[[ 1.  1.  1.]
 [ 1.  1.  1.]
 [ 1.  1.  1.]
 [ 1.  1.  1.]
 [ 1.  1.  1.]
 [ 1.  1.  1.]
 [ 1.  1.  1.]
 [ 0.  0.  0.]]
prob=[ 0.31500291  0.35882031  0.32617678]
prob=[ 0.63164738  0.09235114  0.27600147]
prob=[ 0.39046348  0.11526611  0.49427041]
prob=[ 0.46875  0.15625  0.375  ]
prob=[ 0.375  0.25   0.375]
prob=[ 0.5625  0.0625  0.375 ]
prob=[ 0.46115642  0.25972688  0.2791167 ]
prob=[ 0.  0.  0.]

WellDone!



&SimulationTime:17.19999999999997

&EndofStep:17.19999999999997


&SimulationTime:17.39999999999997

&EndofStep:17.39999999999997


&SimulationTime:17.59999999999997

&EndofStep:17.59999999999997


&SimulationTime:17.79999999999997

&EndofStep:17.79999999999997


&SimulationTime:17.999999999999968

&EndofStep:17.999999999999968


&SimuTime


&AttentionList
SimulationTime=18.199999999999967
person.see_flag:
[[ 1.  0.  0.  0.  0.  0.  0.  0.]
 [ 1.  1.  0.  0.  0.  0.  0.  0.]
 [ 0.  0.  1.  0.  0.  1.  0.  0.]
 [ 0.  0.  0.  1.  0.  0.  0.  0.]
 [ 0.  0.  0.  0.  1.  0.  0.  0.]
 [ 0.  0.  1.  0.  0.  1.  0.  0.]
 [ 0.  0.  0.  0.  0.  0.  1.  0.]
 [ 0.  0.  0.  0.  0.  0.  0.  0.]]
person.comm:
[[ 1.  0.  0.  0.  0.  0.  0.  0.]
 [ 0.  1.  0.  0.  0.  0.  0.  0.]
 [ 0.  0.  1.  0.  0.  0.  0.  0.]
 [ 0.  0.  0.  1.  0.  0.  0.  0.]
 [ 0.  0.  0.  0.  1.  0.  0.  0.]
 [ 0.  0.  0.  0.  0.  1.  0.  0.]
 [ 0.  0.  0.  0.  0.  0.  1.  0.]
 [ 0.  0.  0.  0.  0.  0.  0.  0.]]
person.talk:
[[ 1.  0.  0.  0.  0.  0.  0.  0.]
 [ 0.  1.  0.  0.  0.  0.  0.  0.]
 [ 0.  0.  1.  0.  0.  0.  0.  0.]
 [ 0.  0.  0.  1.  0.  0.  0.  0.]
 [ 0.  0.  0.  0.  1.  0.  0.  0.]
 [ 0.  0.  0.  0.  0.  1.  0.  0.]
 [ 0.  0.  0.  0.  0.  0.  1.  0.]
 [ 0.  0.  0.  0.  0.  0.  0.  0.]]
CArray:
[[ 0.  0.  0.  0.  0.  0.  0.  0.]
 [ 0.  0.  0.  0.  0.  0.  0.  0.]
 [ 0.  0.  0.  0.  0.  0.  0.  0.]
 [ 0.  0.  0.  0.  0.  0.  0.  0.]
 [ 0.  0.  0.  0.  0.  0.  0.  0.]
 [ 0.  0.  0.  0.  0.  0.  0.  0.]
 [ 0.  0.  0.  0.  0.  0.  0.  0.]
 [ 0.  0.  0.  0.  0.  0.  0.  0.]]
person.PFactor:
[[ 1.          0.          0.          0.          0.          0.          0.
   0.        ]
 [ 0.          0.95671523  0.          0.          0.          0.          0.
   0.        ]
 [ 0.          0.          1.          0.          0.          0.          0.
   0.        ]
 [ 0.          0.          0.          0.75914896  0.          0.          0.
   0.        ]
 [ 0.          0.          0.          0.          0.8768845   0.          0.
   0.        ]
 [ 0.          0.          0.          0.          0.          0.51424734
   0.          0.        ]
 [ 0.          0.          0.          0.          0.          0.
   0.92218817  0.        ]
 [ 0.          0.          0.          0.          0.          0.          0.
   0.        ]]
EndAttentionList!



&DoorProb
SimulationTime=18.199999999999967
person.exit_prob:
[[ 0.31500291  0.35882031  0.32617678]
 [ 0.63164738  0.09235114  0.27600147]
 [ 0.39046348  0.11526611  0.49427041]
 [ 0.46875     0.15625     0.375     ]
 [ 0.375       0.25        0.375     ]
 [ 0.5625      0.0625      0.375     ]
 [ 0.46115642  0.25972688  0.2791167 ]
 [ 0.          0.          0.        ]]
person.exit_known:
[[ 1.  1.  1.]
 [ 1.  1.  1.]
 [ 1.  1.  1.]
 [ 1.  1.  1.]
 [ 1.  1.  1.]
 [ 1.  1.  1.]
 [ 1.  1.  1.]
 [ 0.  0.  0.]]
prob=[ 0.31500291  0.35882031  0.32617678]
prob=[ 0.63164738  0.09235114  0.27600147]
prob=[ 0.39046348  0.11526611  0.49427041]
prob=[ 0.46875  0.15625  0.375  ]
prob=[ 0.375  0.25   0.375]
prob=[ 0.5625  0.0625  0.375 ]
prob=[ 0.46115642  0.25972688  0.2791167 ]
prob=[ 0.  0.  0.]

WellDone!



&SimulationTime:18.199999999999967

&EndofStep:18.199999999999967


&SimulationTime:18.399999999999967

&EndofStep:18.399999999999967


&SimulationTime:18.599999999999966

&EndofStep:18.599999999999966


&SimulationTime:18.799999999999965

&EndofStep:18.799999999999965


&SimulationTime:18.999999999999964

&EndofStep:18.999999999999964


&SimuTime


&AttentionList
SimulationTime=19.199999999999964
person.see_flag:
[[ 1.  0.  0.  0.  0.  0.  0.  0.]
 [ 1.  1.  0.  0.  0.  0.  0.  0.]
 [ 0.  0.  1.  0.  0.  1.  0.  0.]
 [ 0.  0.  0.  1.  0.  0.  0.  0.]
 [ 0.  0.  0.  0.  1.  0.  0.  0.]
 [ 0.  0.  1.  0.  0.  1.  0.  0.]
 [ 0.  0.  0.  0.  0.  0.  1.  0.]
 [ 0.  0.  0.  0.  0.  0.  0.  0.]]
person.comm:
[[ 1.  0.  0.  0.  0.  0.  0.  0.]
 [ 0.  1.  0.  0.  0.  0.  0.  0.]
 [ 0.  0.  1.  0.  0.  0.  0.  0.]
 [ 0.  0.  0.  1.  0.  0.  0.  0.]
 [ 0.  0.  0.  0.  1.  0.  0.  0.]
 [ 0.  0.  0.  0.  0.  1.  0.  0.]
 [ 0.  0.  0.  0.  0.  0.  1.  0.]
 [ 0.  0.  0.  0.  0.  0.  0.  0.]]
person.talk:
[[ 1.  0.  0.  0.  0.  0.  0.  0.]
 [ 0.  1.  0.  0.  0.  0.  0.  0.]
 [ 0.  0.  1.  0.  0.  0.  0.  0.]
 [ 0.  0.  0.  1.  0.  0.  0.  0.]
 [ 0.  0.  0.  0.  1.  0.  0.  0.]
 [ 0.  0.  0.  0.  0.  1.  0.  0.]
 [ 0.  0.  0.  0.  0.  0.  1.  0.]
 [ 0.  0.  0.  0.  0.  0.  0.  0.]]
CArray:
[[ 0.  0.  0.  0.  0.  0.  0.  0.]
 [ 0.  0.  0.  0.  0.  0.  0.  0.]
 [ 0.  0.  0.  0.  0.  0.  0.  0.]
 [ 0.  0.  0.  0.  0.  0.  0.  0.]
 [ 0.  0.  0.  0.  0.  0.  0.  0.]
 [ 0.  0.  0.  0.  0.  0.  0.  0.]
 [ 0.  0.  0.  0.  0.  0.  0.  0.]
 [ 0.  0.  0.  0.  0.  0.  0.  0.]]
person.PFactor:
[[ 1.          0.          0.          0.          0.          0.          0.
   0.        ]
 [ 0.          0.95671523  0.          0.          0.          0.          0.
   0.        ]
 [ 0.          0.          1.          0.          0.          0.          0.
   0.        ]
 [ 0.          0.          0.          0.75914896  0.          0.          0.
   0.        ]
 [ 0.          0.          0.          0.          0.67865206  0.          0.
   0.        ]
 [ 0.          0.          0.          0.          0.          0.51424734
   0.          0.        ]
 [ 0.          0.          0.          0.          0.          0.
   0.52472493  0.        ]
 [ 0.          0.          0.          0.          0.          0.          0.
   0.        ]]
EndAttentionList!



&DoorProb
SimulationTime=19.199999999999964
person.exit_prob:
[[ 0.31500291  0.35882031  0.32617678]
 [ 0.63164738  0.09235114  0.27600147]
 [ 0.39046348  0.11526611  0.49427041]
 [ 0.46875     0.15625     0.375     ]
 [ 0.375       0.25        0.375     ]
 [ 0.5625      0.0625      0.375     ]
 [ 0.46115642  0.25972688  0.2791167 ]
 [ 0.          0.          0.        ]]
person.exit_known:
[[ 1.  1.  1.]
 [ 1.  1.  1.]
 [ 1.  1.  1.]
 [ 1.  1.  1.]
 [ 1.  1.  1.]
 [ 1.  1.  1.]
 [ 1.  1.  1.]
 [ 0.  0.  0.]]
prob=[ 0.31500291  0.35882031  0.32617678]
prob=[ 0.63164738  0.09235114  0.27600147]
prob=[ 0.39046348  0.11526611  0.49427041]
prob=[ 0.46875  0.15625  0.375  ]
prob=[ 0.375  0.25   0.375]
prob=[ 0.5625  0.0625  0.375 ]
prob=[ 0.46115642  0.25972688  0.2791167 ]
prob=[ 0.  0.  0.]

WellDone!



&SimulationTime:19.199999999999964

&EndofStep:19.199999999999964


&SimulationTime:19.399999999999963

&EndofStep:19.399999999999963


&SimulationTime:19.599999999999962


&FinalInfo
agent ID6	 reach the exit ID0
agent ID6	 reaches the exit at time   19.599999999999962

&EndofStep:19.599999999999962


&SimulationTime:19.79999999999996

&EndofStep:19.79999999999996


&SimulationTime:19.99999999999996

&EndofStep:19.99999999999996


&SimuTime


&AttentionList
SimulationTime=20.19999999999996
person.see_flag:
[[ 1.  0.  0.  0.  0.  0.  0.  0.]
 [ 1.  1.  0.  0.  0.  0.  0.  0.]
 [ 0.  0.  1.  0.  0.  1.  0.  0.]
 [ 0.  0.  0.  1.  0.  0.  0.  0.]
 [ 0.  0.  0.  0.  1.  0.  0.  0.]
 [ 0.  0.  1.  0.  0.  1.  0.  0.]
 [ 0.  0.  0.  0.  0.  0.  1.  0.]
 [ 0.  0.  0.  0.  0.  0.  0.  0.]]
person.comm:
[[ 1.  0.  0.  0.  0.  0.  0.  0.]
 [ 0.  1.  0.  0.  0.  0.  0.  0.]
 [ 0.  0.  1.  0.  0.  0.  0.  0.]
 [ 0.  0.  0.  1.  0.  0.  0.  0.]
 [ 0.  0.  0.  0.  1.  0.  0.  0.]
 [ 0.  0.  0.  0.  0.  1.  0.  0.]
 [ 0.  0.  0.  0.  0.  0.  1.  0.]
 [ 0.  0.  0.  0.  0.  0.  0.  0.]]
person.talk:
[[ 1.  0.  0.  0.  0.  0.  0.  0.]
 [ 0.  1.  0.  0.  0.  0.  0.  0.]
 [ 0.  0.  1.  0.  0.  0.  0.  0.]
 [ 0.  0.  0.  1.  0.  0.  0.  0.]
 [ 0.  0.  0.  0.  1.  0.  0.  0.]
 [ 0.  0.  0.  0.  0.  1.  0.  0.]
 [ 0.  0.  0.  0.  0.  0.  1.  0.]
 [ 0.  0.  0.  0.  0.  0.  0.  0.]]
CArray:
[[ 0.  0.  0.  0.  0.  0.  0.  0.]
 [ 0.  0.  0.  0.  0.  0.  0.  0.]
 [ 0.  0.  0.  0.  0.  0.  0.  0.]
 [ 0.  0.  0.  0.  0.  0.  0.  0.]
 [ 0.  0.  0.  0.  0.  0.  0.  0.]
 [ 0.  0.  0.  0.  0.  0.  0.  0.]
 [ 0.  0.  0.  0.  0.  0.  0.  0.]
 [ 0.  0.  0.  0.  0.  0.  0.  0.]]
person.PFactor:
[[ 1.          0.          0.          0.          0.          0.          0.
   0.        ]
 [ 0.          0.95671523  0.          0.          0.          0.          0.
   0.        ]
 [ 0.          0.          1.          0.          0.          0.          0.
   0.        ]
 [ 0.          0.          0.          0.75914896  0.          0.          0.
   0.        ]
 [ 0.          0.          0.          0.          0.84249679  0.          0.
   0.        ]
 [ 0.          0.          0.          0.          0.          0.51424734
   0.          0.        ]
 [ 0.          0.          0.          0.          0.          0.
   0.52472493  0.        ]
 [ 0.          0.          0.          0.          0.          0.          0.
   0.        ]]
EndAttentionList!



&DoorProb
SimulationTime=20.19999999999996
person.exit_prob:
[[ 0.31500291  0.35882031  0.32617678]
 [ 0.63164738  0.09235114  0.27600147]
 [ 0.39046348  0.11526611  0.49427041]
 [ 0.46875     0.15625     0.375     ]
 [ 0.375       0.25        0.375     ]
 [ 0.5625      0.0625      0.375     ]
 [ 0.46115642  0.25972688  0.2791167 ]
 [ 0.          0.          0.        ]]
person.exit_known:
[[ 1.  1.  1.]
 [ 1.  1.  1.]
 [ 1.  1.  1.]
 [ 1.  1.  1.]
 [ 1.  1.  1.]
 [ 1.  1.  1.]
 [ 1.  1.  1.]
 [ 0.  0.  0.]]
prob=[ 0.31500291  0.35882031  0.32617678]
prob=[ 0.63164738  0.09235114  0.27600147]
prob=[ 0.39046348  0.11526611  0.49427041]
prob=[ 0.46875  0.15625  0.375  ]
prob=[ 0.375  0.25   0.375]
prob=[ 0.5625  0.0625  0.375 ]
prob=[ 0.46115642  0.25972688  0.2791167 ]
prob=[ 0.  0.  0.]

WellDone!



&SimulationTime:20.19999999999996

&EndofStep:20.19999999999996


&SimulationTime:20.39999999999996

&EndofStep:20.39999999999996


&SimulationTime:20.59999999999996

&EndofStep:20.59999999999996


&SimulationTime:20.799999999999958

&EndofStep:20.799999999999958


&SimulationTime:20.999999999999957

&EndofStep:20.999999999999957


&SimuTime


&AttentionList
SimulationTime=21.199999999999957
person.see_flag:
[[ 1.  0.  0.  0.  0.  0.  0.  0.]
 [ 1.  1.  0.  0.  0.  0.  0.  0.]
 [ 0.  0.  1.  0.  0.  1.  0.  0.]
 [ 0.  0.  0.  1.  0.  0.  0.  0.]
 [ 0.  0.  0.  0.  1.  0.  0.  0.]
 [ 0.  0.  1.  0.  0.  1.  0.  0.]
 [ 0.  0.  0.  0.  0.  0.  1.  0.]
 [ 0.  0.  0.  0.  0.  0.  0.  0.]]
person.comm:
[[ 1.  0.  0.  0.  0.  0.  0.  0.]
 [ 0.  1.  0.  0.  0.  0.  0.  0.]
 [ 0.  0.  1.  0.  0.  0.  0.  0.]
 [ 0.  0.  0.  1.  0.  0.  0.  0.]
 [ 0.  0.  0.  0.  1.  0.  0.  0.]
 [ 0.  0.  0.  0.  0.  1.  0.  0.]
 [ 0.  0.  0.  0.  0.  0.  1.  0.]
 [ 0.  0.  0.  0.  0.  0.  0.  0.]]
person.talk:
[[ 1.  0.  0.  0.  0.  0.  0.  0.]
 [ 0.  1.  0.  0.  0.  0.  0.  0.]
 [ 0.  0.  1.  0.  0.  0.  0.  0.]
 [ 0.  0.  0.  1.  0.  0.  0.  0.]
 [ 0.  0.  0.  0.  1.  0.  0.  0.]
 [ 0.  0.  0.  0.  0.  1.  0.  0.]
 [ 0.  0.  0.  0.  0.  0.  1.  0.]
 [ 0.  0.  0.  0.  0.  0.  0.  0.]]
CArray:
[[ 0.  0.  0.  0.  0.  0.  0.  0.]
 [ 0.  0.  0.  0.  0.  0.  0.  0.]
 [ 0.  0.  0.  0.  0.  0.  0.  0.]
 [ 0.  0.  0.  0.  0.  0.  0.  0.]
 [ 0.  0.  0.  0.  0.  0.  0.  0.]
 [ 0.  0.  0.  0.  0.  0.  0.  0.]
 [ 0.  0.  0.  0.  0.  0.  0.  0.]
 [ 0.  0.  0.  0.  0.  0.  0.  0.]]
person.PFactor:
[[ 1.          0.          0.          0.          0.          0.          0.
   0.        ]
 [ 0.          0.95671523  0.          0.          0.          0.          0.
   0.        ]
 [ 0.          0.          1.          0.          0.          0.          0.
   0.        ]
 [ 0.          0.          0.          0.75914896  0.          0.          0.
   0.        ]
 [ 0.          0.          0.          0.          0.88580798  0.          0.
   0.        ]
 [ 0.          0.          0.          0.          0.          0.51424734
   0.          0.        ]
 [ 0.          0.          0.          0.          0.          0.
   0.52472493  0.        ]
 [ 0.          0.          0.          0.          0.          0.          0.
   0.        ]]
EndAttentionList!



&DoorProb
SimulationTime=21.199999999999957
person.exit_prob:
[[ 0.31500291  0.35882031  0.32617678]
 [ 0.63164738  0.09235114  0.27600147]
 [ 0.39046348  0.11526611  0.49427041]
 [ 0.46875     0.15625     0.375     ]
 [ 0.375       0.25        0.375     ]
 [ 0.5625      0.0625      0.375     ]
 [ 0.46115642  0.25972688  0.2791167 ]
 [ 0.          0.          0.        ]]
person.exit_known:
[[ 1.  1.  1.]
 [ 1.  1.  1.]
 [ 1.  1.  1.]
 [ 1.  1.  1.]
 [ 1.  1.  1.]
 [ 1.  1.  1.]
 [ 1.  1.  1.]
 [ 0.  0.  0.]]
prob=[ 0.31500291  0.35882031  0.32617678]
prob=[ 0.63164738  0.09235114  0.27600147]
prob=[ 0.39046348  0.11526611  0.49427041]
prob=[ 0.46875  0.15625  0.375  ]
prob=[ 0.375  0.25   0.375]
prob=[ 0.5625  0.0625  0.375 ]
prob=[ 0.46115642  0.25972688  0.2791167 ]
prob=[ 0.  0.  0.]

WellDone!



&SimulationTime:21.199999999999957

&EndofStep:21.199999999999957


&SimulationTime:21.399999999999956

&EndofStep:21.399999999999956


&SimulationTime:21.599999999999955

&EndofStep:21.599999999999955


&SimulationTime:21.799999999999955

&EndofStep:21.799999999999955


&SimulationTime:21.999999999999954

&EndofStep:21.999999999999954


&SimuTime


&AttentionList
SimulationTime=22.199999999999953
person.see_flag:
[[ 1.  0.  0.  0.  0.  0.  0.  0.]
 [ 1.  1.  0.  0.  0.  0.  0.  0.]
 [ 0.  0.  1.  0.  0.  1.  0.  0.]
 [ 0.  0.  0.  1.  0.  0.  0.  0.]
 [ 0.  0.  0.  0.  1.  0.  0.  0.]
 [ 0.  0.  1.  0.  0.  1.  0.  0.]
 [ 0.  0.  0.  0.  0.  0.  1.  0.]
 [ 0.  0.  0.  0.  0.  0.  0.  0.]]
person.comm:
[[ 1.  0.  0.  0.  0.  0.  0.  0.]
 [ 0.  1.  0.  0.  0.  0.  0.  0.]
 [ 0.  0.  1.  0.  0.  0.  0.  0.]
 [ 0.  0.  0.  1.  0.  0.  0.  0.]
 [ 0.  0.  0.  0.  1.  0.  0.  0.]
 [ 0.  0.  0.  0.  0.  1.  0.  0.]
 [ 0.  0.  0.  0.  0.  0.  1.  0.]
 [ 0.  0.  0.  0.  0.  0.  0.  0.]]
person.talk:
[[ 1.  0.  0.  0.  0.  0.  0.  0.]
 [ 0.  1.  0.  0.  0.  0.  0.  0.]
 [ 0.  0.  1.  0.  0.  0.  0.  0.]
 [ 0.  0.  0.  1.  0.  0.  0.  0.]
 [ 0.  0.  0.  0.  1.  0.  0.  0.]
 [ 0.  0.  0.  0.  0.  1.  0.  0.]
 [ 0.  0.  0.  0.  0.  0.  1.  0.]
 [ 0.  0.  0.  0.  0.  0.  0.  0.]]
CArray:
[[ 0.  0.  0.  0.  0.  0.  0.  0.]
 [ 0.  0.  0.  0.  0.  0.  0.  0.]
 [ 0.  0.  0.  0.  0.  0.  0.  0.]
 [ 0.  0.  0.  0.  0.  0.  0.  0.]
 [ 0.  0.  0.  0.  0.  0.  0.  0.]
 [ 0.  0.  0.  0.  0.  0.  0.  0.]
 [ 0.  0.  0.  0.  0.  0.  0.  0.]
 [ 0.  0.  0.  0.  0.  0.  0.  0.]]
person.PFactor:
[[ 1.          0.          0.          0.          0.          0.          0.
   0.        ]
 [ 0.          0.95671523  0.          0.          0.          0.          0.
   0.        ]
 [ 0.          0.          1.          0.          0.          0.          0.
   0.        ]
 [ 0.          0.          0.          0.75914896  0.          0.          0.
   0.        ]
 [ 0.          0.          0.          0.          0.99962765  0.          0.
   0.        ]
 [ 0.          0.          0.          0.          0.          0.51424734
   0.          0.        ]
 [ 0.          0.          0.          0.          0.          0.
   0.52472493  0.        ]
 [ 0.          0.          0.          0.          0.          0.          0.
   0.        ]]
EndAttentionList!



&DoorProb
SimulationTime=22.199999999999953
person.exit_prob:
[[ 0.31500291  0.35882031  0.32617678]
 [ 0.63164738  0.09235114  0.27600147]
 [ 0.39046348  0.11526611  0.49427041]
 [ 0.46875     0.15625     0.375     ]
 [ 0.375       0.25        0.375     ]
 [ 0.5625      0.0625      0.375     ]
 [ 0.46115642  0.25972688  0.2791167 ]
 [ 0.          0.          0.        ]]
person.exit_known:
[[ 1.  1.  1.]
 [ 1.  1.  1.]
 [ 1.  1.  1.]
 [ 1.  1.  1.]
 [ 1.  1.  1.]
 [ 1.  1.  1.]
 [ 1.  1.  1.]
 [ 0.  0.  0.]]
prob=[ 0.31500291  0.35882031  0.32617678]
prob=[ 0.63164738  0.09235114  0.27600147]
prob=[ 0.39046348  0.11526611  0.49427041]
prob=[ 0.46875  0.15625  0.375  ]
prob=[ 0.375  0.25   0.375]
prob=[ 0.5625  0.0625  0.375 ]
prob=[ 0.46115642  0.25972688  0.2791167 ]
prob=[ 0.  0.  0.]

WellDone!



&SimulationTime:22.199999999999953

&EndofStep:22.199999999999953


&SimulationTime:22.399999999999952

&EndofStep:22.399999999999952


&SimulationTime:22.59999999999995

&EndofStep:22.59999999999995


&SimulationTime:22.79999999999995

&EndofStep:22.79999999999995


&SimulationTime:22.99999999999995

&EndofStep:22.99999999999995


&SimuTime


&AttentionList
SimulationTime=23.19999999999995
person.see_flag:
[[ 1.  0.  0.  0.  0.  0.  0.  0.]
 [ 1.  1.  0.  0.  0.  0.  0.  0.]
 [ 0.  0.  1.  0.  0.  1.  0.  0.]
 [ 0.  0.  0.  1.  0.  0.  0.  0.]
 [ 0.  0.  0.  0.  1.  0.  0.  0.]
 [ 0.  0.  1.  0.  0.  1.  0.  0.]
 [ 0.  0.  0.  0.  0.  0.  1.  0.]
 [ 0.  0.  0.  0.  0.  0.  0.  0.]]
person.comm:
[[ 1.  0.  0.  0.  0.  0.  0.  0.]
 [ 0.  1.  0.  0.  0.  0.  0.  0.]
 [ 0.  0.  1.  0.  0.  0.  0.  0.]
 [ 0.  0.  0.  1.  0.  0.  0.  0.]
 [ 0.  0.  0.  0.  1.  0.  0.  0.]
 [ 0.  0.  0.  0.  0.  1.  0.  0.]
 [ 0.  0.  0.  0.  0.  0.  1.  0.]
 [ 0.  0.  0.  0.  0.  0.  0.  0.]]
person.talk:
[[ 1.  0.  0.  0.  0.  0.  0.  0.]
 [ 0.  1.  0.  0.  0.  0.  0.  0.]
 [ 0.  0.  1.  0.  0.  0.  0.  0.]
 [ 0.  0.  0.  1.  0.  0.  0.  0.]
 [ 0.  0.  0.  0.  1.  0.  0.  0.]
 [ 0.  0.  0.  0.  0.  1.  0.  0.]
 [ 0.  0.  0.  0.  0.  0.  1.  0.]
 [ 0.  0.  0.  0.  0.  0.  0.  0.]]
CArray:
[[ 0.  0.  0.  0.  0.  0.  0.  0.]
 [ 0.  0.  0.  0.  0.  0.  0.  0.]
 [ 0.  0.  0.  0.  0.  0.  0.  0.]
 [ 0.  0.  0.  0.  0.  0.  0.  0.]
 [ 0.  0.  0.  0.  0.  0.  0.  0.]
 [ 0.  0.  0.  0.  0.  0.  0.  0.]
 [ 0.  0.  0.  0.  0.  0.  0.  0.]
 [ 0.  0.  0.  0.  0.  0.  0.  0.]]
person.PFactor:
[[ 1.          0.          0.          0.          0.          0.          0.
   0.        ]
 [ 0.          0.95671523  0.          0.          0.          0.          0.
   0.        ]
 [ 0.          0.          1.          0.          0.          0.          0.
   0.        ]
 [ 0.          0.          0.          0.75914896  0.          0.          0.
   0.        ]
 [ 0.          0.          0.          0.          0.44393963  0.          0.
   0.        ]
 [ 0.          0.          0.          0.          0.          0.51424734
   0.          0.        ]
 [ 0.          0.          0.          0.          0.          0.
   0.52472493  0.        ]
 [ 0.          0.          0.          0.          0.          0.          0.
   0.        ]]
EndAttentionList!



&DoorProb
SimulationTime=23.19999999999995
person.exit_prob:
[[ 0.31500291  0.35882031  0.32617678]
 [ 0.63164738  0.09235114  0.27600147]
 [ 0.39046348  0.11526611  0.49427041]
 [ 0.46875     0.15625     0.375     ]
 [ 0.375       0.25        0.375     ]
 [ 0.5625      0.0625      0.375     ]
 [ 0.46115642  0.25972688  0.2791167 ]
 [ 0.          0.          0.        ]]
person.exit_known:
[[ 1.  1.  1.]
 [ 1.  1.  1.]
 [ 1.  1.  1.]
 [ 1.  1.  1.]
 [ 1.  1.  1.]
 [ 1.  1.  1.]
 [ 1.  1.  1.]
 [ 0.  0.  0.]]
prob=[ 0.31500291  0.35882031  0.32617678]
prob=[ 0.63164738  0.09235114  0.27600147]
prob=[ 0.39046348  0.11526611  0.49427041]
prob=[ 0.46875  0.15625  0.375  ]
prob=[ 0.375  0.25   0.375]
prob=[ 0.5625  0.0625  0.375 ]
prob=[ 0.46115642  0.25972688  0.2791167 ]
prob=[ 0.  0.  0.]

WellDone!



&SimulationTime:23.19999999999995

&EndofStep:23.19999999999995
