FN_FDS= None
FN_EVAC= C:/Documents and Settings/WP/Desktop/PySim/V1.4-2020-03/code_version3.0/tpre2020-1.csv
D Matrix
[[  0.   20.   10.   16.   10.    3.    3.    1. ]
 [  2.    1.3   1.    1.6   1.    1.    1.    1. ]
 [  6.    7.    4.    6.    6.    6.    6.    7. ]
 [  6.   10.    1.3   1.    1.    1.    1.    1. ]
 [  6.   10.    1.    1.    1.    1.2   1.    1. ]
 [  6.    1.6   1.    2.2   1.    1.    1.    1. ]
 [  6.    6.    1.    1.    1.    1.    1.    1. ]
 [  6.    3.    1.    3.2   1.    1.    1.    1. ]] 

A Matrix
[[  6.00000000e+00   1.22300000e+02   0.00000000e+00   0.00000000e+00
    0.00000000e+00   0.00000000e+00   0.00000000e+00   0.00000000e+00]
 [  2.60000000e+02   0.00000000e+00   3.00000000e+01   2.00000000e+01
    0.00000000e+00   0.00000000e+00   0.00000000e+00   0.00000000e+00]
 [  0.00000000e+00   3.30000000e+01   2.00000000e+00   9.60000000e+01
    0.00000000e+00   1.30000000e+00   1.00000000e+00   6.00000000e-01]
 [  0.00000000e+00   1.70000000e+01   7.60000000e+01   0.00000000e+00
    1.80000000e+02   1.00000000e+00   6.00000000e-01   1.20000000e+00]
 [  0.00000000e+00   0.00000000e+00   1.00000000e+00   1.40000000e+02
    0.00000000e+00   0.00000000e+00   0.00000000e+00   0.00000000e+00]
 [  0.00000000e+00   0.00000000e+00   0.00000000e+00   0.00000000e+00
    0.00000000e+00   6.60000000e+01   7.00000000e+01   0.00000000e+00]
 [  2.00000000e+01   0.00000000e+00   0.00000000e+00   0.00000000e+00
    0.00000000e+00   3.00000000e+02   6.00000000e+00   0.00000000e+00]
 [  2.00000000e-01   1.00000000e+00   1.00000000e+00   3.00000000e-01
    0.00000000e+00   1.00000000e+00   0.00000000e+00   0.00000000e+00]] 

B Matrix
[[  1.   20.    3.    1.    3.    3.    6.    1. ]
 [ 36.    1.    1.    1.    1.    1.    1.    1. ]
 [  2.    2.    3.   30.    1.    2.    1.    3. ]
 [  1.    0.6  23.    1.    1.    1.    1.    1. ]
 [  1.    1.    1.    1.    3.    1.    6.    1. ]
 [  1.2   1.6   1.    1.    1.    1.    2.2   1. ]
 [  1.    7.6  13.3   1.    1.    1.    1.    1. ]
 [  1.    1.    1.    0.3   1.    3.6   1.    1. ]] 

Test Geometry of Compartment.
Start and show simulation here.
